8 4 6 29 25 18 34 3 
1 2 2 10 7 11 1 2 
0 1 1 8 0 5 0 0 
0 1 2 1 1 3 0 1 
1 0 3 0 1 0 1 0 
9 4 9 4 12 4 3 0 
1 1 2 102 1 3 0 0 
2 0 0 0 1 2 0 0 
0 0 1 3 0 4 3 1 
0 0 1 2 0 0 5 1 
1 0 1 0 0 0 2 1 
1 0 0 3 0 7 0 1 
0 2 6 17 5 0 9 2 
0 0 1 4 0 0 3 1 
0 0 0 6 0 1 1 2 
1 1 0 1 1 16 0 2 
0 1 6 47 6 84 1 5 
1 2 32 4 67 3 9 0 
13 10 7 6 7 6 29 3 
0 9 8 14 13 17 0 3 
0 1 0 2 0 3 0 0 
0 1 0 0 1 2 2 1 
2 5 9 44 11 5 29 9 
1 0 1 1 1 0 1 1 
1 3 3 19 6 16 2 0 
0 0 0 1 1 0 4 0 
9 1 4 1 7 7 38 6 
5 2 1 6 4 4 15 2 
4 3 1 3 4 1 11 9 
233 35 238 159 208 74 498 193 
1 3 1 32 7 11 12 2 
1 0 0 0 3 2 4 0 
6 2 3 1 1 1 7 4 
0 1 3 0 4 1 0 1 
4 5 4 0 3 10 4 11 
0 1 3 2 3 4 0 3 
1 0 3 4 2 0 1 0 
1 2 1 0 0 0 1 0 
0 1 0 0 3 1 0 1 
0 0 0 8 0 0 0 0 
0 0 0 11 1 1 1 0 
11 1 4 0 1 0 33 4 
1 1 1 1 0 4 0 5 
3 3 5 21 7 11 17 5 
0 1 1 3 2 1 1 1 
91 1 1 3 9 1 20 2 
4 1 2 2 0 1 1 0 
0 1 1 0 1 0 6 2 
1 2 10 5 6 4 0 4 
1 1 1 0 1 1 1 2 
1 0 1 12 2 1 2 0 
12 1 7 4 0 5 40 3 
0 0 3 0 1 0 7 1 
0 2 1 6 0 2 0 1 
7 3 8 10 11 22 8 7 
2 3 1 2 0 3 0 0 
3 0 0 0 0 0 2 0 
0 0 5 3 7 3 5 2 
0 0 1 5 1 1 2 3 
0 1 1 0 2 1 1 0 
2 0 0 0 0 0 6 0 
1 4 16 11 19 7 1 1 
1 2 16 5 7 10 5 7 
0 0 1 19 22 0 1 1 
0 2 0 0 1 0 3 0 
0 0 0 2 3 1 4 0 
7 0 3 1 19 4 17 1 
6 1 0 0 0 0 1 0 
2 0 3 3 3 6 2 1 
1 1 1 1 5 0 1 0 
1 0 2 11 5 4 11 3 
0 2 0 12 0 2 0 1 
2 1 1 0 0 3 7 1 
0 17 7 72 28 42 3 1 
0 1 1 1 1 0 3 0 
2 0 1 1 3 2 1 0 
0 6 0 1 1 1 0 1 
0 0 0 5 4 2 1 1 
5 0 0 1 0 2 10 1 
3 0 0 11 5 4 6 0 
0 0 2 0 0 2 1 0 
1 6 0 1 1 5 0 0 
0 1 0 1 5 0 1 0 
0 1 0 0 3 0 3 0 
2 2 0 5 5 1 4 1 
4 3 11 11 35 3 32 3 
0 0 2 0 1 1 5 1 
0 0 1 9 2 1 1 0 
1 1 2 0 0 0 1 0 
1 0 0 3 0 2 1 0 
10 0 2 0 3 7 0 2 
1 0 0 4 5 1 8 0 
5 3 1 9 0 9 1 0 
3 1 1 0 0 2 0 0 
0 0 1 1 4 0 6 0 
0 0 0 2 4 0 0 0 
0 0 1 5 1 0 2 0 
3 0 2 3 2 2 1 0 
2 1 0 0 0 3 1 1 
0 0 0 1 2 1 3 1 
9 0 3 0 4 0 5 1 
1 4 10 24 2 2 2 8 
4 5 0 0 0 3 0 0 
0 0 2 7 1 2 0 0 
7 3 0 0 0 0 0 0 
2 1 1 0 1 0 3 2 
1 0 0 2 0 3 0 0 
6 1 0 0 1 0 3 0 
0 1 0 2 1 0 2 0 
0 2 2 0 1 7 2 1 
31 0 0 0 0 0 1 0 
1 0 0 1 0 1 2 0 
1 3 4 14 2 14 2 3 
0 26 7 37 0 59 3 8 
0 3 8 21 20 11 58 5 
0 0 0 11 6 1 1 0 
0 0 4 6 8 5 9 4 
0 2 0 2 0 3 1 0 
7 5 16 44 26 25 39 13 
0 1 1 13 2 2 1 0 
0 2 1 2 0 3 2 0 
1 1 0 4 1 5 2 2 
1 0 1 23 4 2 3 1 
0 5 5 15 12 14 5 5 
1 7 8 7 6 25 1 4 
0 1 0 1 0 1 3 2 
1 4 1 6 1 4 2 1 
12 3 0 3 1 0 1 0 
3 0 2 1 2 0 3 0 
1 4 9 9 14 4 4 4 
1 0 2 1 7 1 7 0 
8 2 0 0 0 0 0 0 
2 6 0 4 4 9 0 1 
1 0 2 0 1 0 1 0 
0 0 2 56 8 1 4 0 
0 1 0 12 4 0 0 0 
0 0 0 2 1 1 3 0 
0 0 0 16 1 0 0 0 
11 1 0 0 0 7 3 0 
0 0 8 1 19 7 4 0 
12 1 0 0 1 0 1 0 
1 2 5 56 6 18 11 11 
1 3 2 17 3 14 6 6 
0 0 0 3 2 0 0 0 
0 0 1 2 0 1 1 1 
1 0 2 6 3 1 5 1 
56 2 3 2 7 0 50 7 
1 1 1 4 0 0 1 0 
0 0 2 9 8 0 1 1 
1 1 1 11 11 2 15 1 
1 0 1 1 3 0 1 0 
1 0 0 0 1 1 2 1 
4 0 22 10 57 1 19 2 
0 0 2 4 10 0 9 0 
1 0 1 3 0 1 0 0 
0 0 1 7 0 2 1 0 
0 1 0 7 1 1 1 0 
5 0 14 8 29 0 25 7 
0 0 0 6 1 0 0 0 
1 0 6 5 5 1 11 5 
4 2 5 4 12 2 40 5 
1 2 0 4 1 0 0 0 
6 0 18 10 22 0 33 13 
0 1 1 5 1 1 0 0 
0 0 0 9 1 0 1 0 
1 1 1 1 0 1 1 0 
1 0 0 1 1 0 2 0 
0 0 3 24 10 2 6 1 
3 6 3 117 7 12 13 4 
0 0 0 17 6 1 0 0 
0 0 2 0 3 1 0 0 
3 0 0 3 0 0 2 1 
0 1 1 15 2 0 3 1 
1 0 0 0 1 0 3 0 
1 1 0 1 0 4 2 1 
0 0 0 10 0 0 0 1 
0 0 0 8 5 3 2 1 
0 0 2 24 2 16 2 1 
0 2 1 17 2 2 1 2 
0 5 1 1 1 3 1 2 
0 1 2 2 6 0 3 3 
2 0 2 0 1 0 6 0 
0 0 0 0 2 1 1 2 
0 2 0 3 3 0 1 0 
0 0 0 27 1 2 1 0 
0 0 1 37 1 1 6 0 
2 0 1 10 1 3 2 0 
0 1 3 19 7 5 7 1 
10 1 3 1 2 0 23 1 
2 3 3 16 1 6 3 2 
1 0 0 8 3 2 0 0 
0 0 1 3 0 1 0 0 
0 0 0 2 0 3 0 0 
0 1 3 15 7 2 4 2 
1 0 2 5 3 2 2 0 
1 0 3 4 8 0 5 1 
0 3 16 4 10 6 6 5 
0 0 0 3 3 0 1 0 
1 2 0 1 0 2 0 1 
0 0 0 2 1 3 1 0 
9 1 0 1 9 5 19 1 
21 16 4 37 31 25 21 4 
1 0 0 4 3 0 3 0 
0 0 0 4 7 1 2 0 
3 1 2 20 46 7 22 1 
0 0 0 7 0 1 1 0 
22 3 0 1 0 1 4 0 
2 0 0 0 1 1 0 1 
0 0 17 1 25 0 0 1 
0 1 2 2 0 11 1 1 
0 1 0 1 1 10 1 1 
4 0 0 0 0 7 0 0 
2 0 0 2 0 1 1 1 
21 1 7 7 30 1 59 2 
0 0 1 0 1 1 2 1 
1 2 5 4 4 1 2 5 
0 0 1 2 14 0 6 0 
1 1 3 4 5 1 6 0 
2 2 0 0 1 9 0 1 
4 1 0 2 8 4 14 1 
0 0 0 3 0 1 1 0 
0 0 0 1 0 1 1 2 
0 0 2 0 4 0 3 1 
0 0 3 2 5 1 0 1 
0 0 0 2 0 1 2 0 
0 0 0 1 4 0 0 0 
0 0 0 2 2 0 3 1 
0 0 2 2 9 9 7 2 
4 1 1 5 6 0 9 4 
0 0 0 1 0 1 4 0 
2 0 1 3 1 1 7 0 
0 0 1 1 3 0 0 0 
1 0 2 0 2 2 0 0 
0 0 1 1 4 1 2 0 
4 1 1 3 5 0 28 0 
1 1 0 2 1 5 2 2 
0 0 0 4 2 2 5 0 
0 0 0 3 9 3 12 1 
0 0 0 3 0 3 1 0 
0 0 1 1 0 0 2 1 
0 0 1 1 2 1 2 2 
0 0 0 11 1 2 2 1 
0 1 0 1 2 1 0 0 
0 0 0 3 0 1 3 0 
0 1 0 3 1 3 2 0 
0 0 0 1 2 0 2 0 
1 0 0 0 4 1 1 0 
1 0 1 25 0 1 2 1 
0 0 0 0 2 0 2 1 
0 1 0 2 2 1 3 0 
2 1 1 0 1 1 0 0 
0 0 0 3 2 7 2 1 
0 0 0 7 1 0 0 0 
0 0 0 1 0 1 2 1 
1 0 0 1 2 0 4 0 
4 0 0 1 0 0 3 1 
2 0 3 0 0 3 0 0 
1 0 0 0 4 1 8 0 
1 8 11 3 38 4 10 3 
1 1 2 8 4 2 2 2 
1 0 0 6 1 0 1 0 
204 7 3 3 5 10 28 2 
2 1 0 1 0 0 3 0 
1 1 0 3 1 1 1 0 
0 0 1 1 1 0 1 1 
0 3 8 2 2 1 0 6 
6 1 6 9 23 6 13 6 
0 1 1 11 3 1 1 1 
3 0 1 3 13 1 1 2 
0 0 0 3 0 2 0 0 
0 2 2 1 10 3 0 3 
0 1 0 3 0 1 0 0 
0 0 1 2 3 1 4 0 
0 0 1 1 2 1 1 1 
3 0 1 2 0 2 6 2 
2 0 10 1 5 0 0 0 
4 1 3 3 3 1 8 3 
0 1 2 0 3 1 0 1 
2 0 0 0 0 0 4 3 
2 0 2 3 13 1 8 2 
0 0 1 0 2 1 4 0 
0 1 2 13 7 4 5 0 
3 0 4 1 10 2 6 2 
0 0 0 10 0 1 0 0 
2 1 13 35 25 11 3 5 
0 0 0 3 0 1 0 1 
0 1 1 2 8 0 7 1 
1 0 0 11 0 3 0 0 
0 0 0 5 5 1 2 0 
1 3 0 0 0 0 1 0 
0 1 0 0 1 5 0 0 
0 1 0 11 2 4 0 1 
1 0 3 0 8 0 3 0 
4 7 4 104 3 28 2 5 
10 6 4 54 3 33 3 3 
1 0 3 2 15 1 0 3 
3 0 0 19 4 4 1 2 
0 2 1 43 2 10 2 2 
0 0 1 2 3 0 3 2 
0 0 0 25 0 1 0 0 
0 1 0 23 0 0 0 0 
0 1 0 6 0 1 0 0 
5 1 1 1 1 1 14 0 
2 0 1 1 1 0 1 0 
0 0 1 15 0 0 0 2 
3 1 5 0 12 0 5 1 
2 2 0 5 4 0 0 0 
0 1 0 2 0 4 0 0 
1 0 0 1 1 0 2 0 
0 0 0 0 3 0 1 1 
5 0 3 5 22 1 44 0 
0 0 1 10 0 1 0 1 
0 0 3 8 5 2 5 2 
0 1 3 3 2 0 3 0 
0 0 0 12 2 1 0 0 
1 0 1 2 4 0 0 0 
1 0 0 0 2 0 3 0 
5 0 0 0 0 1 0 0 
0 0 0 1 2 0 2 0 
0 2 0 6 0 2 0 0 
0 0 0 0 1 2 3 0 
2 1 0 1 2 0 2 0 
0 1 2 0 3 1 2 0 
3 1 8 14 17 7 13 0 
0 3 0 4 1 2 0 1 
2 0 0 1 0 0 8 0 
2 0 0 1 3 0 7 0 
0 1 7 11 18 5 3 2 
0 0 0 1 0 3 1 0 
1 0 0 9 0 0 0 0 
0 0 2 0 1 1 3 0 
16 25 38 13 17 11 12 25 
13 4 9 5 7 2 7 5 
0 0 0 0 1 0 13 0 
6 0 7 5 13 3 31 5 
6 3 4 8 8 0 28 4 
0 0 0 0 2 0 4 0 
12 21 29 17 10 7 7 6 
11 21 9 6 8 5 4 6 
2 0 0 1 1 0 1 0 
1 0 1 11 2 0 0 0 
0 0 0 4 1 3 1 0 
0 0 1 0 1 2 4 1 
4 1 0 0 1 0 0 0 
3 0 6 3 6 0 23 6 
43 1 1 0 0 7 1 0 
3 0 2 0 3 2 9 0 
3 2 0 0 0 2 2 0 
0 0 2 28 2 16 3 3 
1 0 5 6 15 2 6 1 
0 0 1 2 3 0 0 0 
0 2 4 10 3 8 5 4 
0 3 1 2 0 1 0 0 
0 0 1 3 4 2 3 1 
0 0 1 6 2 0 0 0 
3 0 2 4 0 0 4 3 
0 0 0 3 9 2 1 0 
0 0 0 1 2 0 2 0 
1 0 1 4 4 0 2 0 
0 0 2 28 4 2 2 2 
0 1 0 1 0 4 2 0 
0 0 1 2 2 0 2 0 
1 0 20 51 21 7 5 4 
0 4 0 0 1 3 0 1 
0 1 0 3 0 2 1 0 
0 0 0 1 4 0 0 2 
0 0 0 2 3 1 7 2 
1 4 0 20 3 1 1 0 
3 1 0 4 0 3 3 0 
4 0 0 0 0 0 1 0 
1 0 0 7 0 0 0 0 
0 1 1 4 2 0 4 1 
0 0 0 0 3 0 1 1 
0 0 0 1 2 0 2 0 
0 0 1 1 1 0 2 1 
1 5 1 121 14 5 3 1 
0 0 4 5 2 0 1 0 
1 0 0 8 0 0 0 1 
2 18 0 26 1 53 2 0 
0 1 2 51 12 3 7 1 
0 1 0 4 5 1 1 0 
0 1 1 0 3 0 2 0 
0 0 2 0 4 1 1 0 
7 1 1 0 0 0 0 0 
0 0 1 12 1 0 0 0 
0 0 0 8 2 0 0 0 
1 0 4 2 3 0 0 0 
0 2 1 89 6 5 1 1 
0 0 1 3 4 0 9 0 
0 7 3 2 11 14 2 4 
1 1 0 1 0 0 2 0 
0 0 2 0 0 3 1 1 
1 1 5 0 5 3 7 2 
0 0 2 0 1 1 2 1 
1 1 3 3 13 3 14 1 
0 1 0 0 1 2 0 1 
0 3 0 3 1 4 0 0 
1 2 1 4 7 4 7 0 
1 1 0 1 4 0 2 1 
1 0 0 2 4 1 0 0 
1 0 2 0 3 1 2 0 
0 2 4 2 10 0 7 0 
0 0 0 3 1 0 3 1 
0 1 2 24 0 4 2 1 
0 0 1 0 7 0 2 0 
0 1 1 2 1 1 2 1 
0 3 1 1 4 6 1 0 
11 3 13 3 16 2 27 14 
687 227 2 19 7 257 4 8 
0 0 1 0 3 2 0 1 
0 0 0 8 1 0 1 0 
0 0 0 6 3 3 2 0 
0 0 1 0 2 1 0 1 
0 0 6 6 2 3 19 1 
0 0 0 6 2 3 1 0 
0 0 0 18 0 0 1 0 
0 0 0 3 0 1 0 1 
0 0 0 5 0 1 0 0 
9 2 6 7 11 4 45 0 
9 7 0 0 5 3 2 2 
4 1 0 0 0 0 1 2 
1 0 1 1 1 0 1 0 
1 3 2 1 2 2 8 0 
0 0 0 0 2 0 11 0 
26 1 0 2 0 3 0 0 
0 2 6 6 5 3 3 2 
24 6 0 1 0 6 1 0 
1 0 0 6 8 1 4 2 
0 0 1 3 1 2 4 1 
0 2 0 1 0 2 0 0 
23 0 2 0 3 0 3 0 
0 1 0 2 0 2 2 0 
2 0 1 1 1 0 3 0 
2 0 1 0 0 0 2 0 
12 5 7 5 10 21 8 4 
4 21 6 251 17 53 10 7 
0 1 0 2 0 5 2 1 
5 0 0 0 0 0 1 1 
0 0 1 1 0 3 0 1 
0 0 0 1 7 0 0 0 
0 0 1 0 1 0 6 1 
0 0 0 3 5 1 3 1 
21 32 572 134 1113 73 57 264 
0 1 0 2 0 4 1 0 
1 1 0 1 1 1 4 1 
0 0 0 0 3 0 2 0 
0 0 0 7 1 0 0 0 
4 0 0 0 2 1 0 0 
1 7 0 0 2 0 1 0 
5 2 1 0 2 4 2 0 
0 0 1 0 1 3 1 0 
0 7 0 0 1 3 0 0 
1 0 0 0 1 0 2 1 
2 0 4 1 1 1 1 3 
0 1 1 3 0 0 0 0 
24 2 7 14 30 1 78 4 
0 3 3 7 3 5 2 1 
7 0 0 0 2 0 1 0 
0 3 0 1 0 3 0 0 
1 0 0 1 4 0 4 0 
0 0 1 0 2 0 3 0 
1 0 2 25 2 1 4 0 
4 3 4 11 26 4 19 3 
8 10 16 2 15 15 9 8 
6 0 0 0 0 0 0 0 
11 21 15 5 24 9 30 13 
0 0 1 2 2 1 0 0 
0 5 1 4 3 4 0 0 
0 0 5 4 3 0 0 0 
0 1 7 0 21 0 2 5 
0 0 0 1 3 0 0 1 
0 1 1 0 3 1 2 0 
1 2 0 1 5 9 1 1 
28 15 123 50 165 32 86 112 
26 10 40 163 70 30 33 12 
0 2 2 3 3 1 2 1 
22 2 0 3 0 6 18 0 
0 0 1 1 4 0 3 2 
50 1 15 54 15 7 70 6 
0 0 2 1 7 2 1 1 
1 1 0 7 1 7 0 1 
1 5 0 0 1 2 0 1 
0 1 2 1 1 0 0 1 
0 0 2 0 6 0 0 1 
27 26 2 0 1 41 1 2 
613 36 10 510 15 48 41 14 
0 2 1 0 0 1 0 1 
0 4 2 17 1 3 1 0 
0 8 0 18 4 21 1 4 
1 0 1 1 1 0 1 0 
0 0 0 7 0 1 0 0 
9 0 9 7 24 2 5 8 
6 0 3 3 5 1 16 1 
2 0 0 0 3 0 11 0 
1 0 1 1 3 2 4 0 
0 0 1 5 0 2 1 0 
0 1 0 4 2 10 3 0 
63 21 0 2 0 10 0 0 
2 0 2 1 2 0 2 1 
0 0 1 0 7 0 1 1 
0 0 0 1 0 0 6 0 
0 0 1 2 2 2 1 1 
15 1 7 2 14 2 26 2 
168 8 43 6 26 2 115 19 
3 2 10 15 11 1 28 4 
3 0 4 2 4 5 0 1 
1 3 12 2 5 2 6 7 
1 7 26 14 21 4 1 9 
0 0 0 2 1 0 5 1 
0 0 5 3 6 7 0 2 
3 2 19 7 77 8 24 8 
0 0 5 3 8 1 1 1 
2 1 1 1 3 0 15 0 
2 1 4 19 1 3 6 5 
3 0 4 3 2 0 10 0 
2 5 2 7 3 6 4 0 
2 1 0 0 0 1 2 0 
1 5 0 4 1 13 2 1 
0 0 0 13 3 1 1 0 
1 4 2 1 7 6 2 1 
1 0 0 0 0 0 0 0 
4 0 0 0 0 0 1 0 
1 0 1 6 2 0 0 0 
1 0 0 13 1 0 1 0 
0 0 1 2 2 0 1 0 
0 0 6 18 4 3 4 0 
1 1 1 2 0 1 0 0 
2 0 1 2 2 3 1 3 
161 4 9 4 4 11 5 5 
0 1 2 1 0 1 0 1 
0 1 3 19 5 1 1 1 
31 4 1 0 3 1 3 2 
0 4 0 1 0 6 1 0 
2 1 0 1 8 1 6 1 
1 11 2 16 2 18 1 2 
24 13 29 9 38 13 20 9 
14 1 3 1 8 2 39 2 
0 2 2 9 2 7 0 1 
0 1 6 25 8 0 4 0 
4 2 0 0 0 0 0 0 
0 1 2 11 8 5 1 1 
0 0 0 12 1 2 0 2 
0 0 2 3 4 1 4 2 
0 0 0 4 5 1 0 0 
0 0 0 3 3 2 0 0 
0 0 0 4 3 0 15 0 
0 0 0 5 1 0 0 0 
0 1 0 0 1 2 3 2 
2 0 5 7 30 3 11 0 
14 13 85 520 280 97 21 35 
24 1 1 1 0 0 7 0 
1 0 1 48 3 12 4 1 
0 0 0 2 2 5 0 0 
0 0 1 1 3 0 2 0 
0 0 0 3 0 1 1 1 
1 0 2 2 8 0 3 0 
0 0 3 3 2 0 6 1 
1 0 2 1 3 3 2 1 
6 0 9 2 7 1 6 6 
1 1 1 2 3 3 4 2 
2 1 0 3 1 0 1 0 
2 3 1 1 0 3 2 0 
15 22 109 201 129 20 30 96 
24 5 6 10 10 3 42 6 
0 1 1 2 1 0 1 1 
0 1 2 1 2 0 3 0 
3 0 1 0 0 0 2 1 
2 0 0 0 2 1 0 0 
144 19 0 1 1 13 2 0 
0 0 0 5 0 0 0 0 
4 0 0 0 1 0 0 0 
0 0 0 0 0 4 1 3 
1 0 1 0 0 0 2 2 
0 0 0 0 2 3 1 0 
0 1 2 2 0 3 1 0 
4 1 1 1 1 1 2 1 
23 3 0 1 0 2 0 0 
0 0 0 0 2 1 1 1 
0 2 1 1 3 9 2 1 
4 1 42 24 22 5 5 6 
0 0 0 21 2 4 2 0 
0 0 0 3 1 0 0 1 
1 0 0 0 1 3 0 0 
0 1 2 1 4 0 0 0 
0 0 1 11 1 0 0 0 
0 0 28 18 14 7 12 0 
0 1 0 3 0 1 1 0 
0 1 3 28 3 5 2 3 
0 2 2 0 3 5 7 0 
5 5 9 223 52 9 7 19 
0 0 0 4 0 0 1 0 
0 0 0 17 2 2 1 0 
0 1 0 35 5 1 0 2 
0 0 1 25 11 2 2 1 
2 0 1 0 1 0 1 0 
0 0 1 10 6 1 2 0 
0 0 0 8 2 1 1 0 
0 0 2 10 6 1 2 1 
0 0 0 5 3 0 0 0 
19 1 0 0 1 0 5 0 
0 1 0 21 3 2 0 0 
23 1 0 0 2 0 9 2 
0 0 20 13 18 2 4 5 
0 0 3 2 3 0 2 0 
2 3 3 5 5 11 11 4 
0 0 1 0 6 0 2 1 
1 0 0 0 0 0 3 1 
0 0 0 0 1 4 1 1 
4 1 0 11 3 5 6 8 
1 11 8 4 9 8 5 8 
1 0 1 1 5 1 3 0 
1 3 1 10 2 11 0 4 
2 0 4 1 2 0 0 0 
0 7 0 2 1 5 0 0 
0 0 1 6 8 1 1 1 
4 0 1 0 3 0 5 2 
0 0 0 0 4 0 3 1 
6 0 0 0 0 4 0 0 
9 3 2 1 4 2 10 3 
15 1 0 0 0 8 0 0 
7 0 0 0 2 0 3 0 
1 0 1 0 4 0 4 1 
0 0 2 0 1 1 1 0 
2 0 3 8 26 2 11 4 
0 0 1 18 4 3 9 3 
1 0 0 2 3 0 3 0 
1 0 4 1 6 1 5 2 
2 0 0 0 1 0 2 0 
1 1 4 32 11 21 15 7 
39 4 3 9 14 2 10 4 
1 0 2 1 1 1 3 0 
0 1 0 7 0 0 1 0 
0 0 2 1 1 2 2 0 
1 0 3 3 6 2 4 0 
0 13 2 21 3 22 5 1 
0 0 4 8 13 4 1 1 
0 0 1 4 1 4 1 0 
2 0 1 0 0 0 2 1 
0 1 0 3 0 0 0 1 
0 0 1 7 1 1 1 0 
7 0 0 0 0 0 1 0 
5 0 0 1 1 0 10 2 
0 0 1 2 0 0 4 1 
0 1 0 15 1 2 0 0 
12 0 0 0 0 1 1 0 
0 1 0 1 1 4 0 0 
21 0 0 0 0 2 1 0 
0 1 0 2 2 2 1 0 
1 6 2 18 9 9 1 2 
250 71 9 20 10 194 7 17 
1 2 5 3 2 2 2 2 
6 0 0 0 0 1 5 1 
1 2 2 3 1 3 1 2 
2 1 2 16 3 2 2 0 
0 0 1 0 0 0 5 1 
0 0 3 1 1 0 2 0 
25 22 0 1 0 13 3 1 
3 3 14 59 43 11 9 6 
0 0 0 6 3 1 2 0 
16 0 0 0 0 1 0 0 
0 0 1 2 3 0 1 0 
