0 0 0 4 1 3 0 0 
0 0 1 7 0 0 0 0 
0 0 1 7 2 0 0 2 
0 0 0 10 0 0 1 3 
1 0 0 3 0 1 0 1 
0 1 0 15 0 0 1 0 
0 0 0 13 1 2 0 0 
0 0 0 5 0 0 0 0 
0 0 0 5 1 0 0 0 
0 0 0 4 1 0 0 0 
2 1 2 74 4 9 12 3 
0 0 0 4 0 1 2 0 
1 0 0 5 0 2 7 0 
1 0 1 2 1 2 2 1 
0 0 0 2 0 0 4 0 
0 0 0 1 2 0 2 1 
0 0 1 5 2 0 0 0 
0 0 0 4 1 1 0 0 
0 0 0 1 0 0 14 1 
1 0 0 3 0 2 1 0 
0 0 2 5 1 0 0 0 
0 0 0 6 0 0 1 1 
0 0 0 4 2 0 0 1 
1 1 0 4 0 0 1 0 
0 0 1 8 0 0 0 0 
1 0 2 3 1 1 8 2 
0 0 0 12 0 2 2 0 
0 0 0 2 0 0 2 1 
0 0 0 4 1 1 1 0 
0 1 0 2 2 1 1 0 
0 0 3 33 4 2 6 1 
0 0 0 8 1 0 0 0 
0 0 0 2 2 2 1 0 
0 0 1 3 1 1 0 2 
0 1 0 5 10 1 12 2 
0 0 0 3 4 0 0 0 
0 0 0 4 0 0 2 0 
0 0 0 8 0 0 0 0 
0 0 3 17 4 0 0 1 
0 1 1 2 0 1 1 0 
13 3 18 81 27 22 103 18 
6 4 12 238 20 82 8 14 
1 0 1 1 2 2 3 2 
0 1 0 16 3 1 3 5 
2 1 6 172 8 23 11 2 
0 0 1 1 1 0 2 0 
0 0 0 5 3 0 0 0 
1 0 0 0 0 0 7 1 
0 0 0 9 3 1 2 2 
1 0 0 2 3 0 0 1 
0 0 0 2 0 2 1 0 
1 0 0 1 2 0 7 3 
0 0 0 3 3 0 0 0 
0 0 0 2 0 0 2 1 
2 0 0 1 0 2 0 1 
0 0 1 2 3 1 4 2 
0 0 0 5 1 0 0 0 
0 0 0 4 0 1 0 0 
0 0 1 19 0 6 8 3 
0 1 1 11 0 0 3 0 
2 0 1 8 1 2 1 1 
1 0 0 0 3 0 2 1 
0 0 0 4 1 1 5 1 
0 0 0 3 1 1 1 0 
0 0 1 0 8 0 3 2 
0 2 0 2 1 0 1 0 
0 1 1 5 1 0 0 0 
0 0 2 3 0 0 1 0 
0 0 0 6 2 2 0 0 
0 0 0 0 0 1 4 0 
0 0 0 8 0 1 2 0 
2 0 3 23 3 5 10 5 
0 0 0 3 2 6 2 0 
1 0 0 4 0 3 0 2 
0 1 2 0 0 1 2 0 
30 10 32 218 67 82 273 55 
2 0 5 12 13 8 17 5 
3 0 1 5 6 0 35 1 
1 0 1 4 0 3 4 2 
0 7 0 8 4 3 0 2 
0 0 1 15 5 6 2 3 
6 8 11 193 19 65 51 11 
0 1 0 2 0 0 2 0 
1 3 2 27 3 12 12 9 
0 14 4 9 32 5 51 12 
1 0 0 0 0 0 7 0 
1 0 7 2 3 1 1 0 
1 0 1 1 0 1 1 0 
1 2 5 3 5 0 9 4 
0 0 1 3 1 0 6 0 
0 0 0 1 3 0 1 0 
0 0 0 7 2 1 0 0 
0 0 1 0 2 0 2 3 
0 0 0 0 0 1 4 2 
1 0 0 3 0 1 4 0 
0 0 1 0 1 0 3 0 
0 0 8 13 6 1 12 2 
1 0 2 14 7 1 10 5 
1 1 1 19 4 2 27 2 
1 2 3 1 4 1 28 9 
1 1 0 3 0 0 0 0 
0 0 0 4 1 0 5 2 
0 0 1 8 6 0 0 4 
0 0 0 7 0 0 0 0 
0 0 0 1 2 2 0 0 
1 20 9 196 26 9 5 19 
0 1 1 0 0 1 2 1 
1 0 1 0 0 0 5 2 
0 1 3 7 1 0 0 1 
0 0 0 4 0 1 0 1 
0 0 0 0 0 0 2 3 
0 0 0 6 1 2 0 0 
0 0 0 5 0 0 0 0 
1 0 1 1 0 1 5 0 
0 0 1 6 2 3 0 0 
0 0 0 7 0 0 0 0 
0 0 0 18 2 0 3 0 
0 0 2 2 0 1 0 0 
0 0 1 2 1 1 2 1 
0 0 0 4 2 0 2 0 
0 0 2 2 0 0 0 1 
0 1 1 4 1 0 1 0 
0 0 0 5 0 0 0 0 
0 0 0 5 3 0 3 0 
0 0 0 7 2 0 0 0 
0 0 4 10 4 9 5 0 
1 0 1 4 0 0 1 2 
0 1 0 3 4 0 3 1 
0 0 0 4 4 1 2 1 
12 2 5 10 6 4 17 2 
0 0 0 2 2 1 4 1 
2 0 0 4 0 1 1 1 
0 0 2 8 0 2 0 1 
0 0 0 0 1 3 1 0 
0 0 0 4 3 0 3 0 
1 8 0 0 2 5 14 0 
0 2 0 1 2 0 2 0 
0 1 0 65 0 1 1 1 
0 0 0 9 1 1 2 0 
0 0 0 7 6 0 5 3 
0 0 0 0 0 2 2 1 
0 0 0 7 1 0 6 2 
0 0 0 4 0 0 1 0 
0 0 0 5 1 0 0 0 
0 0 0 17 0 0 0 0 
2 2 1 1 4 2 1 2 
0 0 0 3 1 0 3 1 
0 0 1 10 1 0 0 0 
0 0 1 1 0 0 2 1 
1 0 1 1 3 2 4 1 
0 0 0 14 2 0 0 0 
2 4 2 0 1 0 2 0 
0 0 1 1 3 0 1 0 
0 1 0 9 1 0 0 0 
0 1 0 0 1 0 4 0 
0 0 0 3 0 2 2 0 
0 0 0 7 0 0 2 0 
1 0 2 8 8 3 12 1 
1 1 2 12 5 3 22 4 
0 0 1 2 3 1 4 0 
0 0 1 0 1 0 9 1 
0 0 0 0 1 0 4 0 
0 0 3 9 3 4 1 2 
1 0 0 5 1 0 4 0 
0 0 0 1 1 0 3 0 
1 0 0 13 0 0 0 1 
1 0 0 4 0 7 2 1 
1 0 0 15 0 0 0 0 
0 1 0 1 0 0 3 1 
40 0 2 2 3 4 9 1 
0 0 1 0 0 0 2 2 
0 0 1 9 2 0 2 0 
1 0 0 5 0 0 0 0 
0 0 0 5 0 1 0 0 
0 1 1 11 0 1 0 0 
0 0 0 5 1 0 0 0 
0 1 0 8 0 0 0 0 
0 0 1 7 3 0 6 0 
0 0 0 7 0 0 0 0 
1 0 0 0 0 0 6 0 
0 1 0 18 0 0 0 0 
0 0 0 4 1 0 0 0 
0 1 0 3 0 4 4 0 
0 0 0 1 0 0 3 1 
1 1 1 12 1 0 4 0 
0 0 0 3 0 1 3 1 
0 0 0 1 2 0 0 3 
0 0 0 8 0 1 0 1 
0 0 1 2 1 0 1 3 
0 1 0 3 7 0 1 0 
0 0 0 7 0 0 0 0 
0 0 0 9 2 1 0 1 
1 0 2 20 8 7 12 2 
1 0 3 4 5 1 6 0 
1 0 1 8 6 0 9 0 
11 9 22 94 29 25 101 21 
0 0 0 25 1 0 1 0 
0 0 0 2 0 1 2 0 
0 0 1 1 3 0 0 0 
0 1 0 1 3 0 3 0 
0 4 11 26 20 8 8 5 
0 0 0 5 2 0 0 0 
0 1 3 8 1 2 2 2 
1 0 1 9 2 6 5 1 
0 2 4 1 0 2 1 0 
1 0 0 21 0 5 5 2 
0 0 3 1 0 1 3 0 
1 2 1 5 2 5 3 3 
0 0 1 7 4 0 0 1 
0 0 0 0 0 1 7 0 
0 0 0 0 1 0 9 0 
0 0 0 5 0 0 0 0 
0 0 1 1 3 0 0 0 
1 0 3 1 3 2 0 4 
0 0 0 2 0 1 9 1 
0 0 0 1 0 0 5 0 
0 1 0 0 2 1 4 0 
0 0 0 0 4 1 10 1 
0 0 0 6 2 0 0 0 
0 0 0 0 2 2 1 0 
0 0 0 3 0 0 2 0 
1 0 0 5 0 0 0 3 
0 0 0 7 0 0 0 0 
0 0 0 5 0 0 0 0 
1 1 2 11 5 10 11 6 
0 1 1 11 11 5 19 2 
0 0 0 5 0 1 6 0 
0 0 1 1 1 1 1 0 
0 0 1 1 0 0 0 3 
0 0 0 5 0 2 0 0 
0 1 2 19 13 14 16 5 
0 1 0 8 0 0 13 1 
2 0 2 47 0 0 4 2 
0 0 3 2 12 0 4 0 
1 0 6 27 10 7 21 7 
0 0 0 5 2 0 5 0 
0 0 1 1 1 0 1 2 
0 0 0 1 3 0 1 0 
0 1 1 0 2 0 0 1 
0 0 0 0 3 1 1 0 
0 0 1 18 3 3 0 0 
0 0 0 2 4 1 2 0 
0 0 0 1 0 2 2 0 
0 0 0 1 3 0 2 2 
0 0 3 3 0 0 0 1 
1 1 1 8 0 8 0 0 
0 0 1 1 3 0 1 3 
1 0 2 1 3 0 2 3 
1 3 6 48 12 19 36 11 
0 0 1 17 2 0 0 0 
0 0 3 9 5 2 5 5 
0 0 0 1 0 1 6 0 
0 0 2 4 1 0 0 1 
0 1 0 12 0 1 0 1 
0 0 0 8 0 1 1 0 
0 0 0 3 2 0 0 0 
20 3 10 13 39 6 113 7 
2 1 5 2 12 4 26 0 
0 0 1 1 1 2 9 1 
0 2 0 2 1 3 5 1 
0 0 0 4 1 1 0 1 
4 1 3 7 6 4 10 0 
0 0 0 3 1 0 0 1 
0 0 0 9 1 2 2 0 
0 5 0 30 5 1 0 3 
0 0 0 7 0 0 0 0 
0 3 0 19 1 1 0 0 
0 0 0 3 2 0 0 0 
0 0 0 2 0 0 2 1 
0 1 3 4 3 3 6 5 
1 0 1 2 0 0 0 1 
0 0 4 13 10 2 2 1 
1 1 1 0 0 0 5 0 
0 0 0 7 0 1 1 0 
0 1 0 1 0 0 4 0 
27 12 66 257 87 99 185 45 
1 1 1 6 3 1 2 1 
0 0 0 19 17 2 18 5 
0 0 0 2 1 1 2 0 
0 1 1 1 0 1 4 1 
0 0 0 1 4 0 0 0 
0 0 2 2 1 0 0 0 
0 1 1 5 6 1 0 1 
1 0 0 2 1 1 0 0 
0 0 1 2 1 1 0 0 
0 0 0 4 0 2 3 0 
1 0 0 3 0 1 0 0 
0 0 0 27 2 0 0 0 
0 0 0 8 1 2 0 0 
0 1 1 45 17 1 8 0 
0 0 0 1 0 0 0 0 
0 0 0 4 1 0 0 0 
0 0 0 9 0 2 1 1 
0 0 0 6 0 0 1 0 
0 2 0 0 3 0 0 0 
0 4 1 14 18 4 15 7 
0 0 0 2 0 0 3 0 
0 1 1 136 11 4 3 2 
0 1 2 45 10 2 15 2 
1 0 2 47 5 2 1 0 
0 0 3 44 1 1 0 2 
0 0 0 5 0 0 0 0 
2 0 0 5 1 2 1 2 
0 0 0 8 2 0 1 0 
0 0 0 1 3 0 1 0 
0 0 0 3 2 1 1 0 
0 0 2 5 1 1 0 0 
0 0 1 7 1 0 7 2 
0 0 1 4 0 0 1 0 
0 0 0 11 1 0 0 0 
0 0 2 2 1 2 3 0 
0 0 0 16 2 0 1 0 
0 1 1 2 3 0 1 1 
0 0 0 5 1 1 0 0 
0 0 0 13 5 3 8 0 
0 0 0 2 1 2 0 0 
0 0 1 0 0 1 3 0 
0 0 0 27 2 3 1 0 
1 0 1 4 4 3 5 0 
0 1 0 11 4 3 9 2 
0 5 3 12 15 6 8 0 
0 0 0 2 2 0 1 0 
0 0 0 6 1 1 0 0 
0 0 0 4 0 0 1 0 
1 0 0 3 1 0 0 0 
1 1 1 1 3 0 0 0 
0 1 4 11 4 3 6 2 
0 1 0 6 0 0 0 0 
0 0 0 9 0 0 1 1 
6 1 6 40 11 9 58 9 
0 1 0 6 0 2 4 1 
0 0 0 7 1 2 10 1 
0 0 0 16 6 5 19 4 
0 0 3 34 2 3 5 1 
0 0 1 3 1 0 0 1 
2 0 2 20 17 1 20 0 
2 1 0 1 0 0 0 2 
0 0 1 2 2 1 1 1 
0 0 0 11 0 1 0 1 
1 0 0 4 0 0 1 0 
0 0 0 16 1 1 3 0 
0 0 1 3 1 0 0 0 
0 1 3 216 19 25 10 2 
0 0 1 6 0 3 3 1 
0 0 0 24 1 5 2 0 
2 0 0 14 2 0 3 1 
0 0 0 3 0 2 0 0 
0 0 1 3 0 0 0 1 
0 0 0 11 2 0 0 0 
0 0 0 4 6 2 0 0 
0 0 0 15 1 1 0 1 
0 0 0 3 0 1 1 0 
0 0 0 6 0 0 0 1 
0 0 1 2 1 0 1 0 
2 0 0 1 1 2 0 0 
0 0 0 7 1 1 0 1 
0 0 1 0 4 0 0 0 
0 0 0 13 1 0 3 0 
0 0 1 6 1 1 0 0 
1 0 1 10 1 1 0 0 
0 0 0 30 2 5 2 2 
0 0 0 2 1 1 1 0 
0 0 0 4 1 0 0 0 
1 0 0 14 0 1 1 0 
1 19 4 23 7 7 5 7 
3 5 6 130 38 12 72 18 
3 0 5 7 21 0 16 2 
0 1 5 135 16 9 24 6 
0 1 10 142 12 12 34 14 
6 5 12 77 32 2 89 15 
