0 0 0 0 3 0 9 1 
1 1 0 3 0 1 0 0 
0 1 0 1 1 2 0 0 
1 1 0 1 0 0 2 0 
8 2 5 10 7 20 65 7 
4 2 3 4 6 0 6 0 
0 0 1 1 0 1 3 1 
12 1 3 9 4 13 31 2 
0 0 1 5 0 0 1 0 
0 0 3 0 4 0 0 0 
1 0 1 4 0 6 0 0 
3 0 0 2 0 0 5 1 
0 0 1 0 2 0 1 2 
2 2 0 0 0 2 0 1 
13 0 3 1 1 1 5 0 
3 0 0 1 1 0 1 1 
13 1 1 0 0 0 12 1 
2 0 0 4 1 0 5 1 
0 1 0 2 0 0 2 0 
7 1 0 2 1 0 3 1 
1 1 2 0 0 0 1 0 
1 0 1 2 0 2 1 1 
0 0 0 5 0 1 0 0 
2 0 0 0 0 1 4 2 
0 0 4 2 0 1 1 2 
1 1 0 0 0 2 0 1 
0 0 1 0 3 0 1 0 
0 0 2 6 2 1 0 3 
2 1 0 1 1 1 1 1 
6 4 7 9 1 6 35 6 
0 0 1 0 4 0 0 0 
4 0 0 0 0 0 22 0 
0 0 0 8 1 1 0 0 
1 3 15 6 11 12 21 5 
6 4 2 6 1 11 5 4 
0 1 0 1 4 0 0 0 
1 0 8 2 1 1 0 0 
0 1 0 2 10 0 1 2 
4 1 10 15 3 2 16 2 
0 0 6 2 0 0 0 0 
1 0 0 1 3 0 1 3 
0 0 3 0 0 0 3 1 
0 0 1 2 0 1 1 0 
7 0 11 9 7 5 26 5 
27 4 0 2 1 1 4 1 
35 3 0 0 2 1 21 0 
1 1 7 10 5 3 2 0 
38 4 3 0 6 2 14 3 
11 1 0 0 0 0 7 1 
1 0 0 2 0 1 2 0 
19 1 6 1 6 0 6 3 
1 1 0 5 1 4 2 0 
0 0 0 3 2 0 1 1 
0 1 0 2 0 1 2 0 
0 1 0 1 1 6 0 1 
0 5 3 9 3 5 2 2 
3 1 1 1 4 0 1 0 
1 5 0 3 1 7 10 5 
5 2 19 3 38 4 15 10 
0 2 2 2 9 6 2 4 
1 0 0 3 1 1 6 0 
1 1 0 1 0 1 1 1 
2 0 0 0 13 1 1 0 
0 0 1 1 1 0 1 1 
2 1 7 2 6 1 3 3 
1 1 13 1 34 0 1 6 
0 3 2 7 0 1 0 0 
2 24 0 33 6 6 1 7 
0 4 15 20 5 3 2 3 
0 1 3 4 2 1 0 1 
0 0 1 0 1 0 5 1 
17 44 20 41 19 11 11 28 
1 6 1 0 2 2 1 1 
2 1 0 1 0 0 1 0 
0 1 3 2 0 1 0 1 
1 4 5 3 15 0 6 4 
0 1 2 3 8 1 6 2 
0 0 0 0 2 0 2 1 
1 1 13 18 13 4 2 1 
1 1 2 5 13 1 1 0 
0 0 2 4 0 0 0 0 
0 0 0 7 2 0 0 2 
0 4 8 19 3 1 0 1 
0 0 0 0 0 0 3 3 
2 0 2 2 2 0 4 0 
5 1 0 1 0 7 0 1 
0 2 1 2 0 3 1 0 
3 0 0 0 2 0 0 1 
6 3 0 1 2 0 6 0 
6 2 0 0 6 1 3 2 
0 4 9 12 9 6 2 2 
1 1 4 0 1 0 1 4 
0 4 2 0 3 0 1 0 
1 0 0 0 4 0 0 1 
0 1 0 0 2 1 1 0 
7 1 1 0 1 0 15 0 
1 0 5 3 18 0 6 1 
0 0 2 5 3 3 1 2 
2 1 2 2 6 1 0 2 
2 1 0 1 1 1 3 2 
0 0 2 4 7 2 3 1 
4 1 3 2 19 0 2 3 
0 0 1 0 0 0 4 1 
0 0 1 1 0 1 2 1 
4 5 1 5 4 16 21 4 
1 10 13 5 8 14 0 2 
0 1 2 9 7 8 1 0 
0 0 1 2 2 0 5 0 
1 0 0 1 0 1 8 1 
0 0 0 0 1 0 4 0 
1 1 1 1 2 1 3 1 
1 0 0 0 0 0 4 0 
3 1 0 1 2 2 10 1 
3 6 14 9 53 1 11 4 
0 0 1 1 0 0 2 1 
0 0 1 0 1 1 1 1 
1 1 3 2 9 0 3 0 
0 1 1 0 1 1 0 2 
1 2 0 3 1 1 1 1 
0 1 0 3 0 0 1 0 
0 0 1 1 1 0 2 3 
1 0 0 1 0 0 3 0 
0 0 4 1 5 2 0 0 
0 0 1 0 0 0 4 1 
0 1 11 7 24 3 9 1 
0 0 2 2 0 3 6 0 
4 2 46 27 27 5 2 2 
0 1 1 1 2 0 0 0 
0 1 9 5 14 1 7 6 
1 0 1 0 1 0 2 1 
1 0 0 1 5 0 0 1 
2 1 4 1 16 0 1 1 
0 0 1 0 1 1 2 0 
1 3 4 4 3 9 3 0 
0 2 0 1 0 7 0 0 
2 5 1 1 1 4 0 1 
0 0 0 4 0 0 3 1 
3 0 2 0 0 0 2 0 
0 0 1 4 0 0 0 0 
1 4 8 8 16 7 2 2 
1 0 1 1 4 0 0 3 
3 1 0 0 0 0 1 0 
0 0 6 2 11 0 2 1 
1 1 3 10 5 0 0 0 
2 6 19 11 4 5 2 2 
0 0 4 0 2 0 0 0 
0 0 24 5 24 0 8 4 
0 0 6 0 5 0 0 1 
1 1 2 2 4 2 2 4 
0 1 3 1 1 0 0 0 
0 1 5 9 3 0 1 4 
0 3 14 7 7 6 3 4 
1 0 0 0 1 0 3 0 
3 4 8 3 5 1 23 11 
2 2 4 1 1 0 0 2 
0 3 5 1 5 0 5 3 
7 5 2 7 1 21 4 4 
0 3 2 2 6 4 0 0 
0 3 56 4 12 0 6 4 
0 0 3 0 2 0 0 0 
0 0 0 0 2 1 5 0 
0 0 4 16 6 1 2 2 
1 1 15 5 9 2 4 5 
0 0 0 0 2 0 3 0 
16 8 72 48 186 5 54 32 
1 29 0 7 1 10 1 1 
1 4 25 5 28 1 3 4 
2 21 6 2 6 3 3 4 
2 2 2 3 4 1 1 2 
1 1 2 0 1 0 4 3 
0 3 4 0 0 2 0 3 
2 0 2 0 1 0 1 1 
0 5 1 1 0 0 0 0 
0 1 1 0 4 1 2 2 
0 1 1 0 7 1 1 2 
2 1 2 0 1 0 3 2 
4 5 1 1 3 1 0 0 
0 2 2 1 0 0 0 0 
10 4 6 3 1 1 10 2 
1 10 8 3 5 7 0 1 
0 2 5 7 2 0 1 1 
0 0 0 6 0 1 0 0 
3 0 0 0 1 0 8 0 
1 0 3 0 12 0 4 1 
0 0 3 1 4 0 3 3 
0 0 23 4 6 2 3 7 
1 2 0 3 0 0 1 1 
0 0 9 1 4 0 7 0 
0 0 1 0 4 0 2 1 
0 0 2 0 2 0 12 1 
0 0 15 1 5 1 5 2 
0 1 6 1 1 0 1 0 
0 1 0 2 2 0 12 1 
0 0 3 0 6 0 2 0 
0 4 0 2 0 0 0 0 
0 0 0 0 3 0 3 0 
0 0 2 0 2 0 3 0 
0 0 4 0 1 0 0 0 
1 0 3 2 7 0 0 1 
0 0 0 5 2 0 2 0 
0 0 2 0 0 0 5 1 
4 0 7 0 1 0 16 2 
1 0 7 1 1 0 2 3 
1 1 0 0 0 3 1 0 
2 0 1 1 4 0 0 0 
2 0 0 3 2 0 4 0 
1 0 4 3 4 3 11 2 
2 0 3 2 1 2 3 3 
2 0 1 0 8 0 1 2 
0 0 0 3 1 1 2 0 
1 2 3 21 3 2 1 0 
0 1 7 2 5 1 1 2 
0 0 0 2 2 0 0 1 
0 0 3 0 1 0 5 1 
0 1 2 0 2 1 0 0 
0 0 1 0 0 0 4 0 
2 1 0 1 1 0 14 0 
2 0 2 2 0 0 3 0 
0 1 5 0 7 1 0 0 
0 0 1 3 1 1 0 1 
1 0 0 0 1 0 4 1 
5 3 2 3 4 0 1 8 
2 0 8 2 2 1 0 0 
0 1 1 0 4 0 2 0 
0 0 3 4 7 0 2 1 
1 0 4 13 2 12 5 3 
0 0 0 5 2 13 3 3 
1 0 1 3 1 0 1 2 
0 0 4 6 1 0 0 0 
8 43 309 252 135 24 96 74 
1 0 4 2 3 1 2 2 
0 0 0 0 2 0 2 1 
1 1 3 3 3 3 10 2 
0 0 3 3 1 1 4 1 
1 1 0 1 2 0 0 2 
1 0 24 4 10 0 12 6 
0 4 10 1 2 1 13 1 
0 0 2 2 1 0 3 2 
0 0 1 6 2 1 1 0 
2 4 4 31 3 10 6 1 
0 7 9 21 9 2 7 6 
109 26 7 2 4 5 63 4 
0 0 0 0 1 1 5 0 
0 0 7 2 4 0 0 0 
1 0 0 1 0 0 6 0 
0 0 6 7 7 1 6 1 
1 0 0 0 5 0 1 0 
0 1 9 4 18 1 5 1 
1 7 1 11 4 17 3 2 
1 1 5 14 1 13 1 1 
0 0 3 0 2 2 1 1 
0 0 1 0 1 2 5 0 
0 0 1 2 0 0 4 1 
1 0 0 0 0 1 2 1 
3 0 2 0 6 0 13 2 
1 0 0 0 0 0 5 0 
0 0 0 0 0 1 5 2 
1 1 0 1 0 3 1 1 
2 1 3 42 6 2 1 1 
0 0 0 2 2 0 2 1 
5 3 22 135 20 11 55 5 
1 0 4 0 1 0 1 0 
0 1 2 2 0 0 1 0 
7 0 3 3 0 1 29 0 
0 0 0 0 0 1 4 1 
0 0 16 0 4 1 7 10 
0 0 0 0 0 0 10 0 
0 0 1 0 0 1 3 0 
1 1 2 10 2 2 0 2 
1 0 1 3 1 0 2 1 
2 0 1 0 0 0 2 0 
4 0 2 0 2 0 18 2 
1 0 2 0 1 0 2 0 
0 0 5 0 0 0 4 0 
0 0 2 0 4 0 7 0 
6 0 5 5 9 0 34 6 
10 7 5 6 4 2 31 5 
0 0 0 0 0 0 7 0 
0 1 1 6 3 2 5 2 
1 2 5 12 6 7 17 3 
0 0 1 1 0 0 3 2 
0 1 6 5 5 1 3 1 
0 0 3 1 0 0 1 0 
4 1 9 0 3 0 44 4 
3 0 13 1 21 1 16 0 
2 0 4 13 3 8 6 3 
1 0 1 1 2 1 15 1 
1 0 5 0 4 0 7 0 
2 1 3 1 0 0 2 3 
1 7 0 14 5 10 3 2 
0 1 1 0 1 1 20 0 
5 1 2 1 1 0 4 0 
0 1 1 5 0 3 0 0 
1 0 1 1 1 0 2 0 
0 0 0 9 0 2 1 1 
0 0 0 8 1 0 0 2 
1 0 1 0 0 0 9 1 
2 2 0 1 3 5 2 2 
2 0 3 0 3 0 7 2 
2 0 0 0 0 0 9 0 
0 1 0 0 1 2 1 0 
1 0 1 1 0 0 5 0 
0 0 0 1 0 1 3 0 
0 0 0 1 3 0 5 2 
2 0 1 0 0 0 3 1 
1 0 9 1 6 0 17 1 
2 1 1 0 0 0 1 1 
1 0 3 1 1 0 2 0 
0 0 2 0 1 0 0 3 
0 1 5 3 3 0 0 0 
2 0 1 0 0 0 34 4 
4 1 0 0 1 0 10 0 
3 0 13 1 9 0 5 6 
2 0 2 1 0 0 7 0 
2 0 1 0 0 0 3 0 
3 1 0 1 0 0 6 2 
3 0 11 1 16 1 26 2 
4 0 0 0 2 1 22 1 
4 0 3 0 1 1 15 3 
0 1 3 8 7 1 1 0 
3 0 1 0 0 0 2 0 
0 0 1 0 0 0 4 0 
2 0 0 0 0 0 3 2 
2 0 1 1 3 0 4 1 
0 0 1 0 1 1 5 1 
0 0 5 36 6 5 4 4 
9 1 7 1 6 0 39 0 
1 0 0 1 0 0 3 0 
5 0 0 1 0 0 0 0 
3 0 2 0 1 0 4 0 
2 0 0 0 0 1 10 0 
4 1 0 0 0 0 5 0 
1 0 1 0 0 1 1 1 
2 0 0 0 0 1 1 1 
15 3 31 30 29 2 34 22 
0 1 1 3 4 1 9 1 
0 0 0 2 0 2 0 1 
1 0 0 1 2 1 4 3 
3 2 50 192 163 5 91 6 
0 0 1 0 5 0 6 1 
0 0 3 4 6 1 2 0 
1 0 0 1 1 1 3 0 
1 3 11 3 3 7 16 5 
0 2 1 6 1 2 9 0 
1 3 5 8 27 0 9 1 
0 0 0 4 3 0 1 0 
1 0 0 4 2 0 3 0 
0 1 2 5 6 0 4 0 
2 1 2 0 0 2 3 3 
2 0 0 0 2 1 2 1 
0 0 2 0 4 1 1 0 
1 2 0 2 1 6 2 1 
0 2 0 0 1 2 0 0 
0 1 3 1 0 1 1 1 
0 0 2 4 6 1 0 2 
0 0 1 1 2 0 2 0 
0 2 3 2 3 3 3 0 
0 0 0 1 1 1 3 0 
1 0 1 1 4 1 3 0 
0 0 1 1 1 2 0 0 
1 1 38 10 17 4 13 10 
0 8 3 4 5 9 4 4 
0 0 0 5 1 1 0 0 
1 2 1 0 0 2 0 0 
3 0 4 2 2 0 5 0 
0 1 8 1 1 1 6 2 
0 5 52 24 44 2 27 7 
0 2 0 0 2 0 0 1 
10 0 19 5 9 0 6 4 
0 0 6 0 5 0 3 1 
0 0 4 2 4 0 0 0 
3 0 14 2 13 2 2 0 
1 1 0 1 1 0 0 1 
0 0 2 2 3 0 2 0 
0 1 11 118 8 1 1 1 
0 0 1 28 3 1 3 0 
1 0 0 13 2 1 0 1 
0 1 4 0 2 0 0 0 
0 0 3 6 5 1 1 1 
0 0 2 4 3 0 0 1 
1 0 2 0 2 0 0 0 
2 0 1 1 13 1 1 0 
0 0 2 2 1 0 0 0 
0 3 1 3 1 3 0 0 
0 0 1 0 0 0 11 0 
1 0 1 0 4 0 11 1 
0 0 1 0 4 0 0 0 
0 0 1 0 2 1 2 0 
2 0 1 1 2 0 4 0 
0 0 1 1 6 0 0 0 
0 1 1 0 7 2 2 0 
0 1 6 0 4 0 13 2 
0 0 4 1 2 3 1 2 
0 1 1 24 1 0 1 0 
1 10 80 77 64 20 28 28 
1 0 5 1 4 0 5 0 
3 0 6 0 5 0 12 1 
2 0 0 0 1 4 1 0 
0 0 3 0 0 0 2 0 
0 0 5 0 0 0 4 0 
0 0 0 0 2 1 3 0 
0 0 0 1 0 3 6 0 
0 0 3 1 0 0 4 1 
0 0 1 0 1 0 3 0 
1 3 1 1 3 0 3 1 
0 0 1 0 3 0 3 1 
1 1 8 1 4 1 4 6 
4 3 2 0 2 5 2 2 
1 3 6 3 7 3 3 2 
0 0 1 0 1 0 4 0 
1 0 6 2 3 2 8 6 
0 0 1 0 1 0 3 0 
10 0 0 0 4 1 11 0 
10 1 7 2 9 1 53 6 
1 1 0 0 1 0 7 2 
3 0 1 0 2 0 11 1 
0 0 0 0 1 0 3 1 
0 0 0 0 1 1 3 0 
0 0 4 0 4 0 1 0 
2 0 0 0 1 0 8 0 
2 0 1 0 2 0 0 1 
0 0 1 0 4 0 0 0 
0 0 0 3 2 0 0 0 
1 2 1 0 2 0 0 1 
0 0 3 2 2 1 6 0 
1 0 6 0 1 0 2 1 
2 0 0 1 0 0 3 1 
2 0 4 0 2 0 4 2 
1 2 1 2 1 0 1 0 
0 0 0 0 0 0 8 0 
0 0 1 1 0 0 5 0 
3 1 3 9 3 5 13 1 
1 1 4 7 16 10 7 2 
1 0 3 0 2 0 6 6 
3 0 1 0 1 0 1 0 
0 0 1 0 0 0 15 0 
0 0 3 0 2 0 0 0 
1 1 0 1 2 0 2 1 
0 1 1 1 3 0 0 0 
2 1 1 7 1 3 0 1 
0 0 0 0 6 1 1 0 
4 0 0 1 1 1 29 2 
0 3 3 1 5 0 0 0 
1 1 0 1 2 0 0 0 
0 0 0 6 2 0 0 0 
1 1 0 1 3 5 6 1 
8 0 0 0 0 0 33 0 
2 0 0 0 1 0 2 0 
7 0 3 2 7 0 39 4 
0 1 1 2 0 0 1 0 
0 0 1 1 0 0 31 1 
0 0 1 2 1 3 1 1 
0 1 24 8 25 0 6 2 
0 1 0 1 7 1 0 0 
0 0 3 1 3 0 1 0 
0 0 4 0 0 0 1 1 
0 0 1 0 3 0 2 1 
0 0 2 8 1 0 0 0 
1 0 0 1 1 0 3 0 
0 3 6 7 5 0 9 3 
1 8 0 2 1 7 1 0 
0 0 7 5 6 2 2 1 
0 0 3 3 1 0 0 0 
0 1 1 2 4 3 2 0 
1 0 1 1 3 0 1 3 
0 1 0 0 0 0 5 2 
0 1 8 15 11 2 2 2 
0 0 2 0 3 0 0 0 
1 0 10 4 5 1 4 2 
0 1 3 6 3 0 4 3 
0 0 4 0 4 0 0 0 
3 0 1 0 0 1 1 0 
1 0 1 11 1 0 0 0 
0 2 0 0 2 0 0 1 
1 0 6 0 7 0 0 1 
2 0 0 0 0 1 16 0 
0 0 1 1 1 2 4 0 
0 1 6 0 1 0 1 2 
1 1 4 0 0 1 1 1 
0 0 2 0 0 2 0 1 
0 1 0 1 1 2 1 0 
2 1 0 1 0 1 6 0 
0 0 0 6 0 0 4 0 
0 0 0 3 1 0 1 0 
0 0 1 20 2 1 6 1 
1 1 3 42 4 5 5 2 
0 3 2 0 0 0 1 1 
2 0 1 1 0 3 2 0 
1 0 0 0 0 0 4 0 
0 0 1 1 0 1 1 1 
0 0 1 2 1 0 1 0 
0 0 0 1 2 0 2 0 
0 0 5 1 0 0 1 2 
0 1 1 3 0 4 2 0 
0 0 4 3 1 0 1 0 
2 1 1 1 0 1 2 1 
1 1 1 0 1 1 1 0 
3 1 2 1 1 7 4 5 
1 0 0 0 0 0 10 0 
4 0 0 0 3 0 7 0 
3 0 1 0 0 2 2 2 
0 3 2 8 2 6 5 2 
1 0 0 4 0 0 0 0 
3 1 3 1 1 3 5 3 
1 0 0 2 1 0 3 2 
3 1 0 0 3 0 1 0 
0 1 2 2 4 0 3 1 
1 0 1 0 1 0 4 0 
2 0 0 0 0 0 6 1 
2 0 6 7 10 1 5 2 
0 1 8 2 13 0 5 3 
0 0 0 2 0 4 0 1 
0 0 0 4 2 0 0 0 
0 1 2 3 2 1 1 0 
2 0 0 1 1 0 4 1 
17 0 2 4 1 0 90 1 
4 0 0 0 0 0 13 0 
14 0 1 0 0 0 59 0 
10 0 0 0 1 0 21 0 
1 0 1 0 3 0 1 3 
1 0 1 0 2 1 0 0 
1 0 0 5 0 1 2 2 
3 0 0 1 2 0 9 2 
1 5 14 6 20 1 27 11 
12 1 5 9 4 3 130 6 
20 3 4 0 6 0 44 5 
0 1 5 0 5 1 4 4 
9 0 0 0 0 0 9 2 
0 0 0 1 0 0 4 1 
1 1 1 0 3 1 0 1 
4 0 1 0 0 0 14 0 
1 1 0 0 0 0 15 0 
18 7 0 4 0 15 7 1 
6 0 0 1 0 5 5 0 
2 0 3 0 4 0 21 0 
3 2 0 0 0 2 1 1 
2 0 0 0 0 0 4 0 
2 0 1 2 0 3 3 0 
0 0 0 0 0 0 5 0 
2 0 3 0 3 1 0 2 
7 0 0 2 0 0 7 2 
0 0 1 1 1 1 2 0 
0 0 0 1 0 0 12 0 
1 0 4 1 2 1 4 0 
5 0 7 14 24 3 30 2 
0 1 0 2 2 2 3 0 
0 0 0 0 0 0 5 0 
0 3 0 1 2 1 2 1 
0 0 0 0 0 0 5 0 
1 0 2 0 2 0 0 0 
0 0 4 1 4 1 5 1 
0 0 4 0 1 0 2 0 
1 0 3 1 1 0 1 0 
0 0 1 2 0 0 2 1 
1 0 0 0 0 3 1 0 
3 1 0 1 1 0 6 0 
0 1 2 15 3 2 2 0 
3 0 6 6 5 0 11 0 
0 0 0 4 0 0 1 0 
2 2 0 7 2 9 0 1 
1 0 0 0 4 1 4 0 
1 0 2 43 6 1 8 1 
1 3 1 1 2 1 0 0 
1 2 5 3 0 5 11 0 
1 0 1 1 1 1 0 0 
0 1 0 1 2 1 3 0 
2 0 0 0 0 4 0 0 
2 1 9 10 20 3 6 4 
0 3 2 0 1 3 1 0 
0 0 0 4 1 0 0 0 
0 0 0 1 1 0 3 0 
1 0 4 5 8 0 0 3 
0 0 1 7 4 4 3 2 
0 0 1 1 6 0 1 0 
0 0 4 2 6 0 4 1 
1 1 0 0 0 2 0 1 
1 1 1 11 5 0 31 1 
0 0 0 5 1 0 3 0 
2 1 3 1 2 3 1 1 
3 0 7 2 3 0 3 3 
0 0 6 2 6 0 1 2 
2 0 0 0 4 0 1 1 
1 1 2 1 2 0 2 1 
0 6 1 8 2 0 1 0 
0 0 2 2 2 1 0 0 
4 0 8 4 2 6 17 3 
1 0 0 0 2 0 3 0 
0 1 1 1 1 1 0 0 
5 0 2 0 1 0 9 0 
1 0 1 3 3 0 29 4 
0 0 2 12 1 7 3 0 
0 0 1 3 1 2 2 1 
0 0 0 3 1 0 1 2 
2 1 1 0 8 0 4 1 
1 0 0 1 8 1 2 0 
1 0 1 2 0 0 1 0 
4 4 2 22 2 15 5 5 
1 0 2 0 1 0 2 1 
98 0 0 16 4 2 47 0 
0 4 2 1 1 4 0 2 
45 19 34 797 285 40 40 33 
1 1 3 7 3 3 2 1 
4 0 0 0 0 0 1 0 
1 0 0 0 2 0 2 0 
0 0 7 7 10 2 4 1 
1 1 0 1 1 2 0 1 
0 0 4 9 2 1 3 2 
1 2 1 2 1 1 1 0 
0 0 1 1 7 0 1 0 
0 8 0 0 0 0 0 0 
2 0 2 0 1 0 5 3 
0 2 0 1 2 4 0 2 
0 0 1 0 2 0 2 1 
0 0 1 0 0 1 3 0 
0 0 2 0 1 0 4 0 
0 0 1 7 2 0 2 0 
0 0 2 1 2 0 11 2 
0 0 0 0 4 0 6 0 
0 0 0 0 1 1 3 0 
4 4 7 12 3 1 3 5 
1 0 1 2 5 0 0 1 
5 0 2 5 3 0 1 1 
0 0 0 0 0 2 3 1 
0 0 1 2 1 0 1 1 
0 0 2 0 1 0 1 1 
1 4 0 0 0 0 2 0 
1 0 1 0 1 0 2 0 
1 0 1 0 0 1 4 0 
0 0 0 0 0 0 6 0 
2 2 1 1 0 1 1 0 
2 0 2 0 4 1 23 7 
0 1 1 11 6 1 14 2 
0 0 1 4 0 0 2 0 
0 0 1 0 2 0 2 0 
1 0 0 0 0 1 3 2 
2 0 0 0 0 0 7 1 
0 0 2 0 3 0 1 2 
0 0 0 1 1 0 4 0 
3 2 0 0 0 0 0 0 
2 0 2 0 0 0 4 2 
0 1 2 1 1 1 0 1 
0 0 0 7 12 1 3 1 
0 2 0 1 0 0 2 0 
0 1 2 0 9 0 0 0 
0 0 0 4 1 1 0 0 
0 0 0 1 0 1 2 1 
2 1 2 1 5 2 3 3 
1 0 1 1 1 0 9 0 
0 0 2 0 0 0 6 0 
1 0 3 0 0 0 1 0 
0 5 3 8 0 9 2 2 
2 0 1 0 0 1 1 0 
0 0 1 3 0 0 7 2 
0 1 0 0 3 0 1 0 
16 82 10 11 17 7 35 8 
1 1 1 0 0 0 1 2 
63 217 29 16 17 26 53 35 
13 56 120 276 57 36 50 129 
1 5 8 4 2 3 1 1 
1 3 2 1 2 1 2 2 
0 0 1 2 0 0 5 1 
0 0 0 3 1 1 0 1 
0 1 1 0 3 0 3 0 
0 0 0 4 2 1 0 0 
1 0 0 3 0 0 2 0 
0 0 0 0 0 1 3 1 
1 0 0 1 2 0 4 1 
0 0 0 1 5 0 0 0 
0 1 0 1 1 1 1 0 
16 0 0 1 2 0 8 3 
0 0 4 1 1 0 1 1 
1 0 11 4 7 1 8 4 
7 100 20 21 37 20 55 19 
0 0 1 1 0 1 6 0 
1 3 1 0 0 0 0 1 
0 0 3 1 4 1 7 1 
4 1 1 1 3 0 15 2 
0 1 0 2 2 0 1 0 
0 0 2 0 2 0 1 0 
0 0 2 3 5 2 3 2 
0 0 2 7 2 1 0 0 
0 5 2 2 0 1 1 0 
0 1 3 2 4 0 0 0 
9 47 36 30 19 15 10 22 
1 0 3 5 6 1 0 4 
0 2 0 4 1 0 0 1 
0 0 2 1 1 1 0 0 
0 1 4 1 3 0 0 0 
0 0 2 2 7 0 2 1 
1 2 0 4 1 5 3 1 
2 4 3 8 5 0 7 1 
0 1 1 5 1 0 0 1 
2 5 2 3 6 0 2 1 
6 26 65 424 70 36 89 26 
0 0 0 3 1 0 1 0 
0 2 2 1 2 0 1 0 
2 4 0 0 0 0 6 0 
1 0 2 1 0 1 0 0 
0 1 2 1 1 0 0 0 
0 0 0 0 1 1 21 0 
2 0 0 0 0 1 14 0 
2 0 0 0 1 1 8 0 
0 14 10 20 6 7 2 4 
0 0 0 0 0 1 2 2 
0 0 0 0 1 0 10 0 
1 0 0 1 1 0 5 0 
2 15 11 16 11 4 4 5 
3 0 1 0 2 0 26 2 
2 0 3 1 3 0 23 2 
0 1 0 1 1 0 3 0 
2 0 0 0 0 0 4 0 
2 0 1 3 3 0 18 1 
1 0 0 0 1 0 10 0 
1 0 0 0 0 0 5 0 
1 0 0 0 0 0 7 0 
11 14 122 68 84 22 64 38 
1 0 0 0 0 1 4 0 
2 0 0 0 0 0 4 0 
0 0 1 2 1 0 1 0 
0 4 6 5 5 0 2 0 
5 1 3 0 1 1 7 0 
1 4 22 23 15 4 9 7 
0 0 0 0 1 0 4 0 
6 0 1 2 1 0 6 1 
0 2 17 42 9 21 14 10 
1 0 3 1 5 0 4 2 
0 0 0 0 1 0 4 0 
1 0 2 2 0 1 0 0 
0 2 0 2 0 3 2 0 
0 2 10 26 3 2 1 1 
0 1 2 17 0 1 2 2 
0 0 1 0 1 0 3 0 
2 1 0 0 1 0 3 0 
1 0 4 1 5 2 9 4 
2 0 1 0 0 0 10 0 
0 3 5 10 5 1 1 4 
2 0 2 0 2 1 1 1 
44 2 4 1 6 1 244 4 
0 4 3 18 6 2 10 7 
35 0 4 2 5 0 81 3 
0 0 3 3 0 0 2 0 
1 0 0 0 0 0 4 0 
1 0 0 0 0 0 5 0 
4 0 1 0 0 0 30 1 
0 2 0 7 3 3 2 0 
13 2 0 0 10 0 23 2 
2 0 1 0 0 0 11 1 
330 4 12 12 12 3 618 19 
102 0 1 1 3 0 156 2 
43 0 0 1 0 0 90 1 
28 0 0 0 2 0 64 1 
12 0 0 1 3 0 22 0 
6 1 1 0 0 0 11 1 
17 0 0 0 2 0 39 1 
5 0 0 1 4 0 9 0 
0 1 20 68 28 10 19 10 
0 0 4 12 4 4 14 0 
0 0 0 8 5 0 3 1 
0 0 3 9 3 3 1 0 
0 0 2 7 6 0 4 1 
0 0 1 4 1 2 3 1 
0 0 2 1 2 0 1 1 
1 10 4 42 3 9 1 2 
0 0 1 10 1 1 1 0 
0 0 4 8 3 0 0 0 
0 0 0 2 2 0 1 0 
0 0 5 7 2 0 0 0 
0 1 4 11 5 2 5 2 
0 1 0 9 6 1 0 1 
0 0 1 3 2 0 0 0 
2 4 2 4 2 1 1 0 
0 1 0 6 0 1 1 0 
0 0 0 6 3 0 2 1 
0 0 1 3 6 0 0 0 
0 2 2 6 0 0 5 0 
0 0 1 1 0 0 2 1 
1 2 0 0 0 0 6 1 
0 0 2 4 4 1 1 1 
1 2 1 0 2 0 4 1 
0 2 16 6 19 3 0 3 
1 0 2 4 3 2 5 1 
0 1 1 4 0 0 0 0 
0 3 19 23 15 7 0 7 
1 4 2 15 2 2 0 2 
0 1 0 2 1 1 0 0 
0 0 1 1 5 0 1 0 
2 0 1 1 1 1 11 0 
5 0 5 4 0 0 3 0 
0 2 1 0 1 1 1 0 
1 1 18 6 22 2 1 2 
1 0 1 1 2 0 0 0 
1 0 1 0 0 1 31 0 
0 0 1 1 3 0 0 0 
1 1 16 11 25 1 1 2 
0 1 1 3 0 0 2 1 
0 0 1 0 1 0 2 1 
0 0 0 4 2 1 1 0 
0 1 6 6 1 1 4 1 
0 0 2 3 5 0 1 0 
0 1 1 1 1 2 0 0 
1 0 4 21 6 5 24 2 
0 1 0 0 0 0 0 0 
1 4 8 54 20 8 10 0 
1 1 0 0 3 0 0 0 
0 0 0 13 0 0 2 0 
0 1 4 0 6 3 3 0 
0 0 0 2 0 2 2 0 
1 0 2 0 2 0 4 0 
0 0 0 4 3 0 3 1 
0 9 17 16 14 6 2 1 
1 0 0 0 2 0 19 0 
0 0 0 0 3 0 3 0 
3 8 29 52 12 3 34 8 
0 0 1 2 1 0 2 0 
0 2 3 0 4 0 0 0 
0 0 3 1 1 0 0 1 
1 0 0 0 0 0 3 1 
0 0 1 0 1 0 4 0 
4 0 4 12 6 4 16 4 
0 0 0 9 2 2 4 0 
0 1 3 0 1 0 0 0 
0 0 1 2 3 0 2 0 
0 0 1 4 0 0 2 1 
0 0 0 0 0 0 1 0 
1 0 0 0 6 0 3 1 
1 0 3 1 3 0 5 0 
0 0 14 3 16 0 1 0 
0 0 0 7 4 1 1 1 
1 0 1 1 0 3 1 0 
1 0 2 1 0 0 1 1 
0 0 1 4 2 1 0 0 
0 0 2 7 0 1 3 1 
0 1 11 5 12 2 1 3 
0 1 3 5 3 2 4 2 
2 4 16 19 11 5 11 2 
0 0 0 1 4 0 2 0 
2 0 4 7 3 5 1 2 
0 0 3 3 3 0 1 0 
0 1 0 0 2 2 4 1 
0 0 3 0 2 1 2 1 
0 2 1 1 0 0 1 0 
0 0 1 3 2 0 2 0 
1 0 4 4 2 1 5 0 
0 0 2 0 3 0 6 2 
0 0 6 7 0 0 0 0 
2 1 3 2 1 0 4 0 
5 0 2 0 0 0 2 0 
0 1 1 0 0 1 2 1 
0 0 1 4 0 0 2 0 
0 0 0 6 5 0 4 2 
1 0 1 0 2 0 7 0 
1 1 4 4 5 1 4 1 
1 8 1 1 0 0 0 0 
1 0 2 0 0 0 1 1 
0 1 1 0 2 1 0 0 
1 0 0 3 0 3 2 0 
1 0 1 1 3 1 0 0 
1 0 1 0 3 5 2 2 
0 2 1 1 2 1 1 0 
0 4 1 7 3 8 2 0 
0 0 6 18 9 0 5 2 
0 0 2 0 2 0 3 0 
1 0 1 0 2 1 0 0 
3 0 0 0 0 0 3 0 
0 0 3 0 3 4 1 3 
0 0 2 1 7 1 4 0 
0 0 1 2 1 1 1 1 
0 1 0 0 0 0 9 0 
4 2 0 0 2 2 33 1 
5 0 1 1 0 0 22 2 
1 7 8 4 9 5 9 4 
2 1 2 1 0 0 1 0 
2 0 1 1 0 0 9 1 
0 0 3 0 3 0 0 0 
0 1 2 1 2 0 0 0 
0 0 1 2 6 1 0 0 
1 71 10 66 14 139 9 4 
0 3 1 3 1 19 1 0 
0 21 1 13 3 26 1 3 
0 3 0 0 0 1 1 0 
0 0 2 0 3 0 1 0 
0 0 1 0 0 0 3 1 
1 15 1 7 2 12 0 0 
0 12 2 7 1 17 0 0 
3 18 2 13 0 25 2 0 
0 5 2 1 1 1 0 0 
4 40 8 39 15 54 3 7 
1 0 2 0 0 0 32 0 
0 1 3 1 2 1 1 2 
2 1 1 1 0 1 1 0 
0 1 0 1 0 3 1 0 
0 4 5 1 2 1 0 0 
6 4 5 2 4 11 10 2 
4 0 6 2 2 10 5 0 
3 0 1 1 0 0 3 0 
0 0 3 2 2 1 4 0 
0 1 3 0 0 0 0 2 
12 2 5 3 0 12 6 3 
2 0 9 1 4 2 4 6 
10 2 3 3 2 5 9 4 
2 0 0 1 1 2 3 0 
3 1 5 0 2 0 5 1 
1 0 0 2 2 0 2 0 
0 0 1 1 1 0 1 1 
1 0 1 0 1 0 0 3 
0 4 6 4 1 5 1 0 
1 0 1 0 2 1 13 1 
1 0 4 5 1 0 4 1 
5 0 4 1 4 3 4 3 
0 0 1 0 2 0 0 2 
1 0 2 0 2 0 1 0 
2 0 5 1 0 2 1 1 
5 0 2 0 1 0 19 0 
4 3 4 8 17 3 1 5 
0 0 1 0 2 0 4 0 
1 1 21 79 27 14 13 9 
0 0 0 4 2 0 0 0 
0 0 0 5 0 1 0 0 
1 1 17 34 13 5 4 2 
1 1 4 4 2 0 2 1 
4 1 3 1 5 0 7 0 
0 0 0 5 2 0 1 0 
8 5 20 307 44 25 15 21 
3 0 2 1 2 0 4 1 
0 0 0 1 2 2 0 0 
1 1 3 9 11 1 2 1 
0 0 3 14 3 3 1 1 
1 0 14 141 31 30 15 5 
0 0 2 0 1 2 2 2 
1 2 8 10 5 4 4 5 
1 4 77 259 101 32 23 17 
