0 0 0 14 7 1 1 1 
1 0 0 4 1 1 0 0 
1 0 0 4 4 1 0 0 
3 0 1 4 4 0 19 0 
0 1 0 4 0 0 1 0 
1 0 2 3 12 1 4 1 
0 1 1 15 3 1 3 0 
3 0 1 2 5 0 51 1 
0 4 0 6 0 11 0 0 
1 0 3 66 8 3 12 4 
4 1 1 6 1 2 11 1 
0 0 0 1 1 0 2 1 
0 0 0 23 3 2 7 0 
2 0 3 51 5 9 8 2 
0 4 4 74 6 13 3 5 
2 1 0 10 5 4 1 0 
0 0 0 6 0 0 0 1 
1 7 1 6 3 9 0 0 
0 0 1 0 2 0 1 1 
0 0 1 5 1 0 0 0 
17 30 19 745 37 45 192 9 
0 1 4 5 2 0 0 1 
3 7 23 81 79 10 10 7 
0 1 4 19 25 2 14 6 
3 0 0 0 0 0 2 1 
0 1 1 2 0 1 3 0 
0 0 0 4 0 2 1 1 
2 1 13 28 13 1 10 5 
1 2 0 5 0 0 0 1 
0 1 2 0 0 0 4 0 
1 0 3 32 11 0 7 1 
0 0 0 4 5 0 0 1 
0 2 0 11 0 1 2 1 
0 1 0 2 1 1 0 0 
0 0 0 1 3 2 0 0 
0 3 5 52 7 5 9 1 
2 3 8 7 14 1 9 2 
0 0 3 0 1 2 3 2 
0 0 1 1 0 0 3 0 
0 1 1 0 0 0 4 0 
0 0 0 1 0 1 4 0 
0 0 1 0 1 0 3 0 
3 2 5 104 20 5 84 4 
6 11 57 811 106 54 29 29 
1 1 0 9 1 1 1 0 
3 2 2 13 2 1 10 1 
0 0 2 22 3 3 0 0 
0 0 0 3 1 0 0 1 
0 0 0 6 0 4 3 0 
1 1 1 17 1 0 6 1 
0 0 3 6 10 3 5 0 
0 1 5 0 1 0 0 0 
0 0 4 74 36 7 12 2 
1 3 4 60 12 0 13 1 
0 1 1 61 9 1 6 0 
0 0 1 2 2 1 0 0 
0 0 0 4 0 0 0 1 
0 2 0 4 1 0 0 0 
0 3 4 26 2 3 4 1 
0 0 0 11 0 1 1 0 
1 1 0 1 3 1 1 1 
0 2 5 16 16 0 5 1 
0 0 0 7 2 0 3 0 
0 0 0 4 1 0 1 0 
0 1 10 18 22 1 3 2 
0 1 18 32 41 4 11 5 
1 11 5 535 22 15 4 6 
2 0 1 0 3 0 0 1 
0 0 2 9 0 4 0 0 
0 1 0 5 1 4 1 0 
0 0 0 3 1 0 2 0 
0 0 1 2 5 1 1 0 
7 0 4 99 8 19 18 8 
3 5 1 43 2 10 2 1 
1 1 1 19 3 8 2 0 
2 0 1 25 2 2 8 2 
3 2 7 91 17 3 17 3 
0 2 3 1 5 1 1 0 
1 4 19 8 16 2 3 2 
0 0 0 11 0 0 5 0 
1 0 2 9 12 3 1 0 
1 1 0 1 2 0 5 1 
2 2 1 9 1 2 1 0 
0 0 3 48 9 1 4 1 
0 0 0 2 0 0 5 2 
0 0 2 10 1 0 2 1 
0 1 0 5 1 2 5 0 
1 16 5 56 13 23 67 10 
2 10 3 25 6 4 21 7 
0 0 8 129 42 1 18 4 
0 1 3 43 18 0 7 1 
3 0 1 5 5 3 12 2 
3 3 7 133 21 5 71 1 
0 0 0 2 2 1 4 2 
1 0 4 17 9 1 7 1 
1 1 3 36 8 3 6 2 
5 20 6 248 10 52 10 14 
4 4 3 52 5 3 42 7 
0 2 0 12 1 7 1 1 
2 3 2 17 2 4 0 1 
4 2 2 27 1 10 0 2 
0 0 1 15 8 0 15 0 
3 4 1 24 5 3 8 3 
0 1 2 6 9 0 1 1 
0 0 0 6 0 1 1 0 
0 0 2 5 0 2 2 1 
1 0 0 1 0 0 2 1 
50 32 1 9 1 11 0 3 
0 0 1 11 7 2 1 0 
0 0 0 3 0 3 1 0 
1 26 35 8 109 12 4 3 
0 0 2 20 6 1 3 0 
0 4 0 3 0 2 0 0 
3 2 17 231 41 11 30 9 
0 1 9 9 8 2 8 4 
1 2 2 12 9 3 2 0 
3 1 3 85 13 6 9 3 
0 0 0 6 0 1 1 0 
0 2 2 41 8 1 30 0 
1 1 3 7 14 1 7 1 
21 0 8 18 28 5 140 3 
16 2 14 61 35 12 24 6 
0 0 0 11 1 1 0 0 
1 2 8 42 4 12 3 3 
1 0 2 4 0 0 2 1 
0 0 1 14 1 1 1 0 
3 12 0 10 2 17 4 2 
2 0 0 0 0 1 2 0 
0 0 0 3 1 1 0 0 
0 0 0 2 2 1 0 0 
0 1 0 2 1 0 0 1 
0 1 0 2 0 0 2 0 
0 0 1 7 1 2 0 0 
2 1 10 91 54 8 21 2 
0 1 0 19 4 5 19 0 
3 0 0 27 10 2 3 0 
0 0 0 5 0 0 0 0 
0 0 0 3 0 1 1 0 
1 0 0 2 6 1 6 1 
4 145 27 172 20 279 12 21 
0 2 1 10 3 5 0 0 
1 14 0 34 3 14 0 2 
0 0 0 3 3 1 0 0 
0 1 2 3 3 0 1 2 
0 0 0 6 1 0 3 0 
0 0 1 2 10 0 2 0 
0 0 3 4 32 1 10 0 
0 0 1 1 5 0 3 0 
0 0 0 12 0 1 0 0 
0 0 0 5 2 1 2 0 
0 2 0 1 1 0 0 1 
0 0 0 15 1 1 0 0 
1 17 3 1 7 7 20 1 
0 0 0 2 2 0 1 0 
0 7 9 59 12 15 10 5 
0 0 0 8 3 0 1 0 
0 2 0 15 2 4 1 0 
1 0 2 4 1 0 1 2 
0 0 0 5 2 1 0 0 
0 3 0 1 2 1 0 0 
6 26 9 895 9 55 12 7 
5 56 15 16 30 47 10 20 
0 0 1 1 0 2 2 0 
3 0 0 13 1 1 3 0 
0 0 1 3 0 0 1 0 
1 0 1 19 2 0 13 0 
0 1 1 15 1 6 2 1 
1 2 0 4 0 0 0 0 
2 0 0 9 6 1 6 0 
2 0 1 9 0 2 5 0 
0 0 2 10 1 1 1 0 
3 3 1 13 4 2 12 0 
0 3 0 4 1 3 0 1 
0 0 1 57 8 2 3 1 
2 2 0 16 1 4 12 0 
0 0 2 16 0 1 2 0 
4 11 5 289 15 17 21 7 
1 13 12 349 14 16 10 6 
4 1 33 20 42 4 46 6 
0 0 0 9 1 2 2 2 
0 0 0 3 0 1 1 1 
8 12 4 102 17 6 129 6 
2 1 0 6 0 1 4 0 
0 1 0 1 1 5 3 1 
6 0 5 14 3 1 31 2 
0 2 2 41 10 4 9 0 
0 0 1 24 0 0 3 0 
0 1 1 8 0 3 1 1 
0 0 0 4 0 1 0 0 
2 0 0 2 0 0 2 0 
2 1 0 0 0 1 2 0 
0 2 0 2 0 1 0 1 
1 0 0 6 2 0 0 1 
3 2 1 56 5 1 11 1 
0 0 0 4 0 0 1 0 
1 0 0 5 3 0 0 0 
0 0 1 7 4 0 5 0 
0 0 5 4 0 0 2 1 
0 0 0 4 11 1 5 2 
0 0 0 4 5 0 1 0 
0 1 0 8 1 0 1 1 
0 0 1 4 0 0 2 0 
0 1 1 6 1 2 2 0 
0 0 0 3 2 0 1 0 
0 0 0 0 2 0 3 0 
0 1 1 12 6 0 0 0 
0 0 0 3 0 1 1 0 
0 1 1 130 3 2 3 1 
1 2 5 16 14 4 31 8 
3 1 3 11 4 1 9 8 
10 19 65 143 179 24 28 21 
0 1 0 23 2 0 1 0 
1 2 1 30 13 13 4 2 
4 1 2 2 13 0 16 0 
0 0 0 5 1 1 4 2 
0 0 5 18 7 3 6 4 
0 1 2 75 23 5 6 0 
0 1 1 8 1 1 0 2 
0 4 1 60 12 5 0 3 
0 2 1 5 2 6 1 6 
0 0 3 4 1 1 1 2 
2 0 1 38 1 0 8 6 
0 3 6 75 11 3 5 2 
1 2 14 22 27 7 12 6 
0 1 0 8 2 0 1 1 
0 0 0 2 4 0 0 0 
0 0 0 7 1 1 0 0 
0 0 0 7 4 1 0 0 
0 1 5 3 6 0 0 3 
0 0 5 23 6 5 2 0 
1 1 0 3 0 2 1 0 
0 0 1 7 3 1 0 1 
1 1 0 5 1 0 0 0 
1 1 14 5 41 1 1 2 
0 5 0 2 0 5 1 0 
0 0 1 26 0 7 3 2 
0 0 1 7 4 0 0 2 
1 5 2 34 2 12 2 1 
19 21 8 2114 26 73 23 14 
0 9 1 6 3 6 1 0 
2 0 1 55 2 1 0 0 
0 0 2 21 5 0 2 2 
0 0 1 10 0 1 0 0 
1 1 1 19 11 3 4 4 
3 1 3 117 5 14 4 1 
4 18 18 471 53 31 7 9 
0 0 0 9 1 1 0 0 
0 1 0 4 0 0 1 0 
67 22 19 1346 49 169 57 32 
0 0 2 2 0 0 0 1 
0 0 1 6 1 2 19 1 
0 2 0 2 4 5 0 1 
0 2 1 3 0 3 1 0 
1 2 5 26 6 2 3 5 
0 4 8 41 18 0 7 3 
0 0 0 5 2 1 1 0 
0 3 5 18 7 7 3 1 
0 0 0 8 0 0 0 0 
0 0 0 5 0 0 0 0 
0 2 2 19 3 4 0 0 
0 3 3 48 12 5 13 3 
12 1 5 11 23 5 102 10 
0 1 1 40 4 0 4 0 
0 0 0 11 0 0 0 0 
1 2 1 2 3 0 3 1 
0 0 1 2 3 0 0 0 
0 0 1 30 7 2 6 7 
0 0 0 3 0 1 6 0 
1 1 0 119 6 3 3 1 
0 3 0 19 2 1 11 2 
0 0 1 1 5 0 0 0 
0 1 0 5 0 0 1 1 
0 1 0 1 1 0 0 2 
0 5 1 2 0 3 1 1 
3 29 8 81 14 80 3 15 
0 4 0 6 0 2 1 1 
1 0 1 14 0 2 0 0 
0 0 0 4 0 2 0 0 
0 4 0 13 3 2 1 0 
0 5 5 15 5 15 4 4 
0 0 5 32 6 5 2 1 
0 0 0 4 6 0 8 1 
3 2 9 456 10 13 8 5 
0 4 1 113 2 5 9 0 
0 2 2 3 24 0 0 1 
0 0 0 16 2 0 2 0 
0 2 0 39 20 4 3 3 
1 0 1 5 11 1 2 1 
1 1 3 1 3 1 3 1 
0 1 1 4 0 3 0 0 
0 0 2 11 6 2 5 1 
3 1 8 24 14 5 11 7 
1 3 5 14 8 1 5 0 
3 0 1 0 1 0 1 0 
0 0 3 5 9 0 5 3 
0 6 2 15 9 21 1 1 
0 0 0 4 2 0 1 0 
0 1 0 2 0 0 4 1 
0 0 1 7 6 2 2 4 
1 0 0 0 0 3 1 0 
0 6 0 8 0 0 1 0 
0 1 1 5 2 0 1 0 
0 3 0 6 3 0 5 2 
1 0 1 57 1 5 2 0 
0 1 0 129 10 8 1 0 
2 6 1 268 22 13 50 5 
3 2 6 306 39 22 81 5 
0 1 0 15 0 2 0 0 
0 2 3 4 4 6 21 1 
3 1 3 100 7 5 14 1 
2 5 3 97 1 12 2 2 
0 0 0 2 2 2 0 0 
0 0 0 4 0 1 1 0 
4 0 2 27 4 9 17 3 
0 1 7 19 7 1 3 6 
0 0 0 13 0 1 0 0 
0 0 2 16 4 1 2 0 
0 0 0 21 1 1 7 0 
0 1 1 51 2 14 0 0 
2 5 15 207 35 13 10 3 
4 21 18 185 56 28 302 37 
0 0 0 21 2 2 1 0 
2 3 0 0 1 5 0 0 
0 0 1 1 1 0 2 1 
0 1 1 7 0 1 0 0 
1 0 0 13 3 2 0 0 
1 0 1 8 6 0 6 0 
1 0 0 8 2 0 3 0 
1 3 2 33 5 11 1 4 
1 0 2 2 1 1 0 0 
0 0 0 14 1 1 2 0 
0 1 0 6 10 0 3 0 
0 1 0 14 3 1 3 1 
1 2 2 32 18 3 28 2 
1 2 0 1 1 1 0 0 
1 0 0 8 4 0 0 0 
0 1 1 15 7 1 5 0 
2 9 20 44 22 22 71 28 
0 1 4 2 12 1 0 0 
1 2 0 5 0 0 4 0 
0 0 7 14 12 3 3 1 
4 24 40 614 150 33 231 57 
0 1 0 3 0 5 1 1 
1 0 7 28 45 6 4 2 
3 2 3 53 10 3 11 1 
0 0 0 6 1 1 0 0 
0 1 2 29 1 2 3 0 
1 0 0 0 0 7 0 1 
0 6 5 19 10 5 10 1 
1 2 0 7 15 2 2 0 
0 0 0 8 4 0 0 0 
0 3 0 3 2 0 0 0 
0 0 0 11 2 0 1 0 
10 11 60 64 37 37 53 21 
2 0 5 10 9 1 13 0 
0 0 0 9 2 0 0 0 
1 3 3 12 8 0 4 5 
0 0 0 18 0 1 0 1 
0 0 1 6 0 0 0 0 
4 16 11 525 20 6 17 11 
1 0 0 19 4 2 2 2 
1 0 0 3 1 0 0 0 
0 3 4 6 2 11 0 1 
0 0 0 0 2 0 3 0 
1 1 2 76 3 5 4 4 
1 0 0 15 0 1 0 0 
0 6 0 18 0 9 1 0 
1 0 2 73 28 7 11 1 
1 0 0 10 1 0 2 0 
1 0 4 37 7 3 1 1 
1 0 1 6 5 0 14 0 
3 9 3 1078 14 77 20 10 
3 0 2 68 5 5 27 3 
1 0 4 72 18 4 16 1 
2 0 2 29 2 1 2 1 
0 0 0 7 1 2 4 1 
0 3 9 25 16 4 4 12 
5 1 0 4 3 0 2 0 
0 0 0 7 1 0 3 0 
6 0 8 7 51 5 81 5 
1 1 0 91 3 1 1 1 
0 0 1 6 4 1 2 0 
114 45 5 105 8 31 95 3 
1 1 0 2 2 1 3 0 
2 0 0 17 4 2 5 1 
0 0 3 9 36 0 3 1 
0 1 0 6 0 4 0 0 
0 1 4 19 2 3 0 1 
4 7 1 104 6 11 13 2 
0 2 0 27 0 3 2 0 
1 44 9 106 51 33 2 9 
0 2 2 10 3 1 0 1 
1 5 4 93 2 5 4 3 
1 5 1 14 1 6 1 2 
0 1 0 10 1 0 1 0 
0 0 8 11 31 0 5 0 
1 0 2 81 2 9 0 1 
3 1 1 1 9 0 5 3 
0 0 2 9 6 3 1 4 
0 0 0 14 1 2 1 0 
10 0 1 0 1 1 7 2 
0 0 2 11 0 4 2 0 
0 1 0 45 2 10 0 1 
0 0 1 65 2 5 3 0 
0 1 0 7 7 0 6 2 
0 0 0 5 0 1 2 0 
0 2 1 17 13 2 0 0 
0 2 0 50 3 15 0 3 
2 0 1 1 2 0 4 0 
0 0 2 8 0 0 0 0 
0 0 2 12 1 2 1 1 
0 0 1 2 23 0 2 2 
0 3 2 237 8 15 4 1 
1 11 1 13 0 8 0 0 
0 0 2 4 3 1 0 0 
1 1 1 16 4 2 1 0 
1 3 1 82 1 14 1 1 
1 4 15 89 44 2 12 3 
0 0 3 3 5 1 5 1 
0 0 0 10 0 0 0 0 
2 1 2 62 27 5 2 1 
9 2 0 4 4 1 19 2 
0 0 0 6 3 0 1 0 
1 2 14 12 22 10 14 3 
0 0 0 4 0 1 1 0 
0 1 2 10 3 0 4 0 
1 0 2 7 49 2 1 0 
0 0 13 40 137 4 5 7 
9 0 0 6 12 1 61 7 
2 12 8 69 36 11 27 13 
0 0 0 0 0 1 10 2 
0 0 0 5 1 0 0 0 
0 0 2 4 11 1 0 0 
0 0 0 3 0 0 4 0 
1 0 0 3 0 0 1 0 
0 3 0 4 0 0 0 0 
0 3 0 39 1 23 2 1 
2 0 1 1 6 0 0 4 
2 2 11 13 25 2 3 4 
10 56 49 104 33 22 18 40 
0 0 0 3 1 0 2 0 
0 1 16 14 24 1 21 1 
2 88 44 102 65 89 25 22 
1 3 21 10 21 2 9 2 
0 0 1 5 0 0 0 0 
0 3 0 20 1 0 19 0 
2 0 9 10 88 3 21 5 
0 0 0 3 1 0 2 0 
0 2 0 64 1 6 0 0 
76 6 33 47 86 23 233 21 
1 0 0 1 1 0 1 1 
0 3 5 11 1 4 1 0 
0 0 0 4 0 1 3 0 
1 0 1 31 1 6 0 0 
0 0 0 2 3 1 0 0 
0 0 0 3 4 0 1 0 
0 1 0 16 0 8 0 1 
0 1 0 12 4 5 6 1 
116 1 0 0 0 0 1 0 
0 1 2 4 1 3 3 0 
0 1 1 4 8 1 1 0 
3 17 10 815 41 28 12 13 
1 9 5 196 57 8 17 12 
1 0 1 6 0 0 0 0 
0 0 0 4 1 0 2 1 
0 1 0 3 1 1 1 0 
1 0 1 3 15 2 0 0 
2 0 0 14 3 3 0 1 
0 3 3 19 2 5 0 0 
0 0 0 1 3 1 0 1 
2 3 7 55 43 14 16 3 
1 1 0 70 2 2 0 0 
1 0 0 2 4 0 0 1 
0 1 1 7 2 0 0 2 
1 3 0 41 3 2 3 1 
4 4 9 74 81 6 64 6 
0 0 0 3 4 0 1 0 
1 0 1 6 6 1 24 0 
1 0 1 4 8 0 2 0 
2 2 4 34 18 2 25 8 
0 0 0 0 2 2 2 1 
3 0 3 2 17 3 8 0 
0 0 0 3 9 0 0 1 
0 0 1 1 5 1 0 1 
1 0 4 45 3 2 19 3 
0 0 2 28 4 1 2 2 
1 0 1 4 0 0 0 0 
0 0 4 0 7 1 0 0 
1 14 1 348 4 17 5 0 
0 3 6 3 5 6 0 0 
0 1 0 2 2 0 3 0 
2 4 0 15 1 0 0 1 
0 2 0 3 1 0 0 0 
0 3 0 2 0 0 0 0 
7 30 9 101 11 44 5 7 
0 0 2 3 0 6 3 0 
0 7 1 7 0 6 1 0 
1 4 1 35 4 21 3 1 
0 0 1 4 0 3 3 0 
0 0 2 10 5 2 6 0 
0 3 0 25 4 2 5 1 
1 0 1 1 0 0 4 1 
2 1 12 24 35 11 29 6 
1 1 0 5 1 0 0 0 
4 8 1 25 2 4 3 0 
3 1 9 168 26 11 27 2 
0 1 7 59 14 4 22 3 
0 0 0 4 2 2 0 0 
1 2 0 2 2 0 6 1 
5 0 0 8 1 1 9 0 
2 0 0 4 6 1 15 2 
1 3 0 13 0 2 2 0 
2 0 2 0 2 4 18 2 
1 3 0 5 0 1 1 0 
1 1 2 4 2 1 5 1 
0 2 3 14 23 2 3 2 
4 0 0 1 1 0 5 1 
1 0 4 0 4 1 8 0 
1 0 2 0 4 1 2 1 
0 0 0 2 2 2 4 2 
0 0 1 3 2 0 2 0 
1 0 1 50 1 3 0 1 
0 1 0 3 0 0 1 0 
0 1 0 4 2 0 5 1 
0 0 1 14 0 1 2 0 
1 10 1 12 1 6 0 0 
2 23 3 173 7 61 2 4 
1 1 2 0 0 0 1 1 
8 0 0 5 1 1 0 0 
16 235 31 421 41 105 54 32 
1 0 3 7 8 1 6 0 
5 0 1 3 0 1 4 0 
5 0 0 1 1 0 11 0 
1 0 1 1 11 0 6 0 
3 4 2 228 6 13 5 5 
2 7 11 612 15 12 8 12 
0 0 7 10 13 3 2 1 
0 2 5 73 4 3 5 1 
0 0 0 13 0 0 0 1 
0 1 0 15 0 1 0 0 
0 3 1 54 2 2 0 0 
0 2 0 33 2 2 2 4 
2 8 3 197 21 18 1 5 
0 0 0 9 1 0 1 1 
2 0 4 4 6 1 8 4 
0 0 2 2 7 3 0 0 
1 0 4 6 11 0 8 1 
0 0 0 1 3 0 11 1 
1 2 11 88 34 19 357 9 
0 1 0 3 0 0 2 0 
0 0 2 13 14 0 1 3 
1 3 7 11 7 1 3 0 
0 1 0 2 1 0 5 0 
7 0 0 6 1 6 3 3 
1 0 0 6 3 0 13 0 
2 0 0 5 3 1 8 1 
2 4 17 830 30 23 15 6 
0 4 2 4 1 0 1 0 
0 0 0 9 9 2 2 2 
7 6 8 493 8 15 9 4 
0 1 2 8 2 1 1 0 
0 0 0 4 2 0 3 0 
5 8 57 582 128 22 40 24 
1 0 0 14 0 0 0 1 
0 0 1 4 1 0 0 0 
0 2 0 0 2 1 0 0 
242 208 31 86 46 504 104 42 
0 7 5 373 12 10 7 4 
0 0 2 4 14 0 1 0 
28 15 53 180 128 19 208 27 
13 2 0 0 0 3 0 0 
0 1 0 3 0 1 1 0 
1 5 9 76 11 12 5 4 
0 1 2 5 11 1 2 1 
1 11 14 462 101 24 13 9 
4 5 4 54 14 36 49 9 
8 4 0 29 6 15 14 2 
11 14 4 130 24 55 116 28 
118 5 0 7 2 7 22 0 
0 0 0 8 5 1 27 0 
0 0 2 21 8 3 0 2 
0 1 1 5 9 1 2 0 
34 15 9 139 29 82 97 24 
4 8 9 902 37 24 9 11 
5 4 4 26 4 1 66 4 
0 1 0 1 1 2 0 0 
1 1 2 5 1 1 4 1 
0 5 3 289 5 12 2 1 
0 4 8 92 76 15 17 6 
3 0 9 11 22 1 9 2 
1 2 4 41 20 0 0 1 
2 0 0 8 1 0 2 1 
133 7 8 50 15 81 32 13 
3 0 2 0 5 6 2 0 
0 0 0 4 3 0 2 0 
6 1 3 3 3 6 2 0 
0 1 1 0 1 1 3 0 
0 1 1 4 7 1 2 0 
15 3 0 2 4 9 4 4 
0 2 3 6 2 1 2 0 
0 0 2 3 1 3 0 0 
1 0 3 59 7 1 3 2 
0 0 0 8 0 1 0 0 
0 0 1 89 5 1 5 1 
0 0 0 2 5 0 0 0 
0 0 1 12 1 0 1 0 
1 2 0 275 4 9 11 2 
2 1 8 14 17 2 4 1 
0 0 5 47 14 0 1 1 
0 0 1 7 4 1 0 0 
0 9 2 9 11 10 6 5 
3 0 3 42 18 8 18 2 
0 0 0 8 0 1 1 0 
1 1 2 41 5 4 1 0 
0 0 0 5 1 0 0 0 
8 10 6 29 2 34 48 5 
0 0 1 3 4 0 1 0 
1 3 1 3 4 12 5 1 
0 0 0 17 0 0 0 0 
1 0 0 4 0 1 2 0 
1 1 2 100 11 1 22 0 
2 0 1 1 2 2 2 0 
1 1 1 15 19 1 4 0 
0 0 1 16 4 1 1 0 
0 0 1 12 6 0 1 0 
0 1 0 0 0 1 3 0 
0 0 1 0 5 0 2 0 
0 22 8 234 11 48 11 9 
1 0 1 64 5 6 7 1 
5 4 44 355 78 12 45 16 
0 0 0 3 0 2 0 0 
1 4 1 13 4 2 1 0 
2 119 24 456 115 96 32 16 
1 0 1 11 1 0 0 0 
0 2 0 30 0 3 2 0 
1 3 0 0 3 2 0 0 
2 0 0 3 0 0 0 0 
11 13 62 276 177 39 425 45 
0 1 0 6 0 0 0 0 
0 2 1 14 11 1 2 2 
2 8 0 6 2 29 2 2 
0 1 1 12 1 1 1 0 
0 0 1 4 2 1 0 0 
2 10 2 15 16 7 2 1 
1 0 0 0 7 0 2 0 
4 49 12 194 69 28 13 12 
0 0 0 15 0 0 0 0 
0 1 1 0 1 0 2 0 
0 0 0 2 14 1 0 0 
0 1 1 5 3 0 0 0 
0 12 2 137 4 18 4 2 
1 3 8 42 17 7 12 2 
0 1 2 7 11 0 5 2 
0 0 0 5 0 0 0 0 
0 0 2 21 0 1 0 1 
0 2 1 9 4 0 5 0 
0 3 5 64 3 1 4 2 
0 0 0 4 4 1 0 1 
0 10 2 61 31 6 6 0 
8 69 55 93 176 63 27 39 
1 22 8 158 33 17 2 8 
0 2 0 38 5 3 0 0 
1 3 37 19 135 4 19 8 
4 0 0 9 4 4 25 2 
1 1 0 54 0 1 3 0 
0 14 13 190 34 38 31 19 
0 0 4 54 7 1 15 4 
27 166 215 1007 106 191 49 116 
8 5 7 237 133 17 110 5 
1 0 0 11 5 1 1 0 
0 2 0 44 4 0 1 0 
0 0 1 24 2 3 6 1 
1 7 2 359 8 9 7 7 
3 3 5 141 49 10 7 2 
2 1 2 42 4 2 4 2 
1 0 1 60 4 4 7 4 
0 3 0 11 1 4 2 0 
1 1 1 29 3 2 5 0 
0 0 0 6 4 0 7 0 
0 0 0 4 3 0 7 0 
2 0 5 13 5 3 6 4 
0 0 1 14 7 0 2 0 
1 2 1 13 6 1 13 4 
0 0 2 2 1 1 0 0 
1 0 0 4 6 2 10 1 
4 3 2 111 46 12 14 3 
9 157 8 14 19 82 12 23 
0 2 1 1 0 0 1 1 
0 0 0 1 12 0 9 0 
0 0 1 0 2 2 5 0 
0 0 0 6 1 1 0 0 
0 1 1 1 0 1 0 1 
0 0 0 2 1 1 1 0 
0 0 1 1 4 0 4 1 
1 1 4 180 8 5 2 1 
4 2 8 13 19 6 29 3 
12 2 1 20 11 3 185 5 
0 0 4 1 6 2 1 0 
0 0 0 1 3 0 4 0 
2 0 6 33 18 1 7 2 
0 1 2 5 31 0 5 0 
0 1 0 2 0 1 3 1 
9 4 15 39 45 9 247 12 
1 0 4 0 1 0 4 0 
1 0 12 9 102 2 8 1 
2 5 1 159 24 4 2 6 
1 5 1 245 17 10 4 4 
1 7 2 110 1 14 3 3 
44 80 2 390 7 153 5 4 
3 0 2 5 2 4 16 5 
4 16 93 140 129 12 86 34 
0 2 0 13 2 1 4 0 
1 2 7 220 23 12 3 7 
0 1 0 1 1 2 0 0 
0 0 1 1 4 0 0 0 
0 17 2 27 7 7 1 4 
3 1 6 43 17 5 5 4 
0 0 0 1 3 0 2 0 
0 0 0 5 0 1 0 0 
0 1 1 8 2 0 2 1 
0 0 0 10 3 1 9 2 
1 0 1 0 3 0 2 0 
0 2 0 1 1 1 0 0 
0 0 0 4 0 1 0 0 
3 16 15 145 20 34 7 10 
3 0 0 0 1 0 5 0 
0 1 0 3 2 0 3 1 
0 0 0 4 8 0 4 0 
0 0 0 0 3 0 3 1 
82 16 2 2 0 8 3 1 
1079 76 9 11 7 32 32 13 
0 0 0 0 6 0 2 0 
0 2 1 39 14 7 8 4 
0 0 0 5 1 0 1 0 
3 2 1 40 18 4 34 1 
1 2 4 56 14 2 8 1 
2 18 1 8 4 7 4 0 
0 0 6 8 4 2 6 2 
1 0 0 5 0 1 1 0 
0 1 2 50 47 3 37 7 
0 0 0 2 1 1 2 0 
4 29 34 324 87 43 9 28 
3 0 2 85 5 2 9 0 
1 1 0 7 17 0 8 0 
5 10 19 29 45 3 18 13 
0 2 4 14 8 0 3 2 
0 1 0 8 1 2 0 2 
0 3 1 111 10 4 13 3 
0 0 0 1 10 1 9 1 
0 0 0 4 0 0 1 0 
3 3 2 5 5 0 8 2 
0 0 0 4 1 2 1 1 
4 5 8 496 15 12 36 10 
4 3 11 31 33 3 5 5 
2 0 2 17 1 1 5 1 
0 1 0 2 1 1 0 0 
2 3 0 21 8 6 55 2 
7 3 6 4 6 5 50 5 
1 20 11 433 25 19 7 11 
1 7 6 66 18 10 2 1 
0 1 1 3 2 1 2 1 
1 1 1 15 9 1 8 0 
0 4 1 6 1 0 3 3 
0 0 2 7 59 2 13 4 
0 0 0 3 1 1 0 2 
0 0 2 0 31 0 5 0 
0 0 1 4 10 1 5 1 
30 7 0 2 0 6 23 0 
0 0 0 0 6 0 0 0 
0 1 2 4 3 5 3 1 
2 3 5 52 16 11 98 4 
1 3 0 0 0 0 1 0 
0 0 0 5 1 0 0 1 
0 2 6 89 19 5 9 5 
0 1 1 2 0 1 0 0 
3 83 55 766 156 26 33 33 
1 5 2 13 3 0 1 2 
0 0 0 6 0 0 0 0 
0 0 2 1 2 0 0 0 
0 0 0 6 1 1 0 0 
0 8 1 94 7 10 6 1 
0 1 1 3 3 1 0 0 
0 3 0 2 1 7 0 0 
0 0 0 26 0 1 2 0 
0 4 0 234 6 5 4 0 
0 6 9 8 26 3 0 3 
0 0 4 20 8 1 1 0 
11 4 2 37 4 12 10 1 
0 2 2 173 2 6 10 1 
0 0 1 3 2 0 4 0 
0 2 1 7 0 2 1 0 
3 16 4 11 11 11 7 6 
0 2 5 21 1 2 2 1 
0 0 1 2 4 0 1 0 
11 66 16 514 29 42 89 61 
0 0 2 11 31 1 2 2 
1 2 10 42 13 4 5 7 
0 0 0 6 2 0 6 1 
1 0 1 15 2 1 0 0 
0 0 0 8 3 0 0 1 
0 3 0 3 0 0 0 0 
0 0 0 3 2 0 1 0 
2 1 3 75 13 2 5 2 
1 0 1 5 2 2 5 0 
3 1 0 0 1 8 3 1 
0 2 10 5 39 3 5 5 
2 2 3 84 3 9 1 2 
0 0 0 4 0 0 0 1 
0 1 0 6 1 0 1 0 
0 2 0 3 3 3 0 0 
0 0 5 46 28 0 3 5 
1 2 8 6 11 2 9 4 
2 0 5 180 40 6 10 5 
1 5 2 27 9 1 9 3 
1 1 0 1 0 0 5 0 
0 0 0 10 1 7 0 0 
0 1 0 4 0 5 0 1 
0 0 1 24 2 0 1 1 
1 1 2 7 16 0 11 1 
0 0 0 2 6 0 0 0 
3 1 0 0 0 0 1 0 
0 0 0 1 3 0 1 0 
5 1 6 10 105 5 16 2 
0 1 0 13 1 1 2 1 
0 1 3 8 10 0 0 0 
0 1 0 8 8 1 0 1 
1 1 2 134 41 8 23 6 
0 0 1 13 7 1 2 1 
0 0 3 4 7 1 6 0 
1 0 0 1 2 1 0 0 
4 14 8 312 6 24 12 9 
0 2 1 20 1 0 3 1 
0 0 0 3 6 1 4 1 
0 0 2 36 4 2 8 1 
4 1 7 162 18 7 40 8 
0 0 0 11 0 0 3 0 
0 1 3 2 3 3 7 1 
0 1 1 15 2 0 1 0 
0 1 2 64 10 3 6 3 
3 2 0 18 2 2 0 0 
0 0 1 2 2 0 0 0 
3 0 4 6 6 1 18 1 
0 0 0 18 0 0 0 0 
0 0 2 0 5 1 2 0 
1 0 0 1 8 1 1 1 
2 0 0 1 1 0 5 1 
0 0 0 12 2 1 4 1 
0 0 1 0 4 0 0 1 
0 1 0 1 2 0 1 0 
0 0 0 0 11 0 1 0 
0 11 3 439 12 20 8 6 
1 0 0 1 2 0 0 1 
0 0 3 15 4 0 3 1 
0 0 0 7 0 0 2 0 
0 0 3 1 21 1 3 0 
1 0 0 1 0 0 4 0 
0 0 1 1 1 0 4 1 
2 11 2 187 14 14 7 3 
0 1 2 14 5 2 6 0 
0 0 0 0 0 2 2 1 
0 2 0 13 2 5 0 0 
0 10 5 56 25 4 7 3 
0 0 0 5 3 1 0 0 
8 67 65 164 113 21 14 22 
0 2 0 4 4 1 4 2 
0 0 0 13 2 1 0 1 
0 4 1 12 8 16 1 3 
1 21 21 76 11 93 13 29 
0 0 0 1 3 0 2 0 
0 1 3 21 2 2 4 1 
0 2 0 3 6 1 4 0 
0 1 3 2 6 1 0 1 
0 0 1 0 2 0 1 1 
15 116 38 187 47 114 84 19 
0 1 9 23 18 0 4 1 
0 1 1 6 9 2 7 0 
0 0 1 7 1 0 0 1 
0 0 0 18 0 0 0 1 
0 0 5 8 4 5 1 6 
0 0 0 27 9 2 0 5 
0 1 0 3 0 0 0 1 
0 0 2 25 5 2 2 0 
2 21 18 51 13 35 14 16 
1 1 7 5 16 3 6 2 
16 1 11 10 47 7 62 7 
0 0 0 5 3 3 0 3 
0 1 0 6 0 0 1 0 
0 9 0 11 0 5 6 1 
1 3 1 3 6 1 0 0 
2 5 1 8 4 25 0 7 
0 9 7 16 4 6 3 0 
6 258 8 279 12 139 9 9 
0 1 3 5 3 1 2 0 
1 0 0 1 0 0 3 0 
1 3 0 0 0 1 0 0 
39 10 67 326 103 22 31 35 
2 10 26 57 20 2 5 8 
7 1 0 2 3 1 5 0 
1 4 4 7 5 7 3 3 
5 0 0 3 0 2 4 0 
0 0 2 12 3 0 0 0 
2 0 2 6 7 0 6 0 
0 0 0 4 0 0 1 0 
3 3 2 5 0 0 13 0 
3 0 1 29 24 11 6 0 
0 1 0 5 1 0 0 1 
14 1 4 1 4 1 13 3 
0 0 1 3 1 0 1 2 
7 1 3 3 8 0 11 1 
7 4 0 0 0 3 11 0 
0 2 0 7 2 1 2 1 
9 0 0 1 2 0 9 2 
1 1 2 5 7 2 0 0 
5 51 21 555 20 50 22 16 
0 1 5 17 9 2 7 1 
1 0 0 0 3 0 1 0 
0 2 7 3 11 1 2 2 
0 0 0 14 2 0 1 0 
0 1 1 4 3 4 1 1 
0 0 0 5 0 0 8 0 
2 0 1 45 11 8 4 3 
1 18 16 11 21 15 3 7 
0 1 0 3 0 1 0 0 
1 0 0 0 2 0 2 0 
4 3 15 9 36 2 5 1 
0 0 0 1 6 0 2 0 
0 0 0 7 0 0 0 0 
5 1 2 7 4 0 16 2 
2 5 7 42 21 6 25 6 
1 4 4 3 2 11 0 1 
2 0 2 3 5 2 2 0 
1 2 1 83 2 5 1 1 
0 0 0 3 1 0 1 0 
0 0 1 3 2 2 1 1 
1 1 1 89 1 2 1 0 
0 2 0 2 0 1 1 0 
2 4 2 16 5 10 18 1 
0 0 2 4 10 1 7 1 
0 0 1 3 1 2 1 0 
0 0 3 3 3 0 1 1 
0 0 0 3 1 0 1 0 
0 0 1 59 3 3 3 2 
0 1 0 3 1 1 6 1 
0 1 0 2 0 0 1 1 
0 0 0 4 0 1 0 0 
0 0 0 6 4 0 0 0 
0 0 4 2 8 2 2 1 
0 0 2 4 4 0 3 1 
1 23 5 21 8 20 13 3 
0 0 0 3 1 0 0 1 
0 0 1 6 2 0 0 0 
0 5 1 5 2 9 3 1 
0 0 1 20 0 0 1 2 
0 0 0 7 0 2 0 0 
0 0 3 21 2 1 1 0 
0 0 0 0 0 1 0 0 
0 1 0 31 2 3 3 1 
1 0 1 2 5 1 6 1 
1 0 1 5 6 0 0 1 
1 4 2 70 11 4 8 4 
0 0 1 3 0 1 0 0 
0 0 1 10 0 1 1 0 
0 0 0 2 5 0 2 0 
0 0 2 2 2 0 0 0 
0 0 0 2 1 0 2 1 
12 20 37 1510 102 53 68 30 
0 0 2 2 10 2 0 0 
1 0 0 37 1 1 4 1 
0 0 0 11 0 0 6 1 
0 0 0 5 3 1 2 0 
2 16 24 78 28 6 19 7 
0 1 2 6 5 1 1 1 
0 0 1 4 3 0 1 0 
5 0 1 0 2 0 1 0 
4 1 4 68 34 2 16 1 
0 1 0 1 5 0 1 0 
2 3 4 23 1 1 6 0 
0 0 0 1 0 0 1 0 
0 1 3 9 5 0 2 0 
0 1 0 4 0 0 1 0 
0 0 0 4 0 0 0 1 
0 1 2 7 0 2 1 0 
0 1 1 38 2 1 2 0 
0 1 1 42 3 0 3 0 
6 0 2 4 13 2 9 2 
1 9 17 174 50 47 6 7 
0 2 1 1 8 1 4 0 
0 0 0 3 2 1 3 0 
1 4 2 140 2 11 1 7 
1 0 1 95 3 3 0 0 
0 4 2 323 9 22 3 3 
0 0 0 4 0 0 1 0 
5 0 0 0 0 1 7 0 
1 41 13 123 18 22 20 11 
0 0 0 9 0 1 0 0 
0 1 1 65 7 2 1 1 
1 2 1 18 1 2 4 3 
0 3 0 104 0 14 2 4 
0 4 1 0 0 1 0 0 
1 0 0 1 6 0 1 2 
29 101 401 581 929 61 250 158 
0 0 0 5 5 0 0 0 
0 1 0 14 0 0 3 0 
0 7 4 203 17 13 3 1 
1 1 1 46 0 3 1 1 
5 4 16 139 66 14 41 9 
0 0 0 4 0 1 0 0 
0 0 0 2 0 2 0 1 
3 11 3 351 31 17 7 5 
2 1 0 68 10 4 8 0 
2 0 3 11 29 1 9 1 
0 0 0 9 1 2 3 0 
0 1 6 2 2 0 0 0 
10 31 17 1155 33 256 43 29 
1 1 1 1 3 2 4 0 
0 0 0 1 2 1 3 1 
0 2 0 0 5 3 1 0 
0 9 8 247 21 9 7 5 
2 0 0 1 15 0 7 0 
2 1 0 36 5 0 2 0 
0 0 1 10 0 0 1 0 
0 2 3 1 2 0 0 0 
2 2 3 131 2 2 2 4 
0 0 1 7 0 0 1 0 
0 5 14 89 20 12 10 8 
0 2 0 15 7 0 2 1 
2 3 4 20 14 2 40 0 
8 19 145 450 192 32 69 64 
36 10 1 1 3 24 4 2 
0 0 0 4 3 0 0 0 
1 0 1 3 2 2 1 0 
0 0 0 11 0 0 0 0 
0 0 1 7 2 0 0 0 
0 0 1 4 5 0 7 0 
0 0 1 20 1 2 0 1 
0 0 1 13 2 0 0 1 
0 1 0 26 0 2 0 0 
2 0 2 6 2 1 6 0 
0 2 14 90 36 4 4 3 
0 0 0 1 6 0 4 0 
0 0 0 18 0 1 0 0 
0 0 0 7 0 1 0 0 
0 0 0 6 0 0 0 0 
0 3 0 4 0 1 12 0 
0 0 0 0 3 0 2 0 
3 0 2 4 19 1 15 5 
3 0 4 24 41 5 14 3 
1 0 0 10 0 0 2 0 
3 13 32 329 100 36 21 34 
0 0 1 1 11 0 1 1 
1 1 6 7 0 3 2 3 
0 0 0 9 0 2 3 1 
1 1 2 16 13 2 9 0 
0 0 1 18 2 3 2 0 
0 3 0 35 3 9 0 6 
16 3 0 9 0 2 1 0 
0 0 0 2 0 0 3 0 
0 6 0 9 5 4 5 2 
32 1 16 47 38 1 36 14 
3 1 10 42 18 4 14 9 
0 0 4 33 14 2 5 1 
3 5 89 121 276 12 40 13 
0 3 0 5 0 1 5 1 
0 2 0 47 8 2 6 1 
0 0 0 12 2 1 4 0 
315 15 20 33 35 15 89 22 
1 1 0 80 24 11 3 0 
83 86 106 256 584 55 89 46 
0 0 0 9 0 1 0 0 
0 2 0 6 0 2 0 0 
7 0 19 19 55 3 48 7 
0 0 0 37 3 1 0 2 
0 1 0 8 0 0 0 0 
0 4 0 0 0 1 0 0 
2 0 1 26 6 1 6 2 
0 0 0 11 0 0 0 0 
0 0 0 15 1 0 1 1 
0 0 0 0 1 1 3 1 
0 2 1 6 1 4 1 0 
0 2 0 10 0 7 1 2 
12 11 10 477 21 22 31 10 
0 0 0 13 0 1 0 0 
3 0 5 163 9 11 7 3 
0 1 2 18 1 0 1 2 
0 22 3 15 6 3 2 3 
0 10 1 3 1 3 1 1 
1 7 1 4 0 0 1 0 
0 2 0 4 2 1 1 0 
0 0 0 1 3 1 0 2 
0 0 0 2 1 0 1 2 
0 0 0 12 0 0 0 0 
4 31 22 530 20 21 26 5 
0 1 0 3 7 0 1 0 
0 0 0 9 0 0 0 0 
0 1 1 8 2 4 5 0 
0 0 1 3 2 0 0 0 
0 0 1 6 4 0 3 1 
3 2 16 17 166 5 33 5 
2 8 1 196 4 4 3 2 
0 5 3 85 11 14 11 10 
4 17 36 130 83 33 7 27 
0 7 10 19 12 3 32 14 
0 2 2 61 3 4 4 1 
0 1 0 21 8 2 5 0 
0 0 0 1 3 0 4 0 
73 16 6 12 6 8 4 7 
0 1 2 4 0 7 4 1 
3 10 1 13 2 9 1 0 
0 0 0 4 1 0 1 0 
3 6 0 323 2 11 4 1 
0 1 2 2 1 0 3 0 
3 1 12 44 87 3 13 4 
0 0 4 5 8 1 13 0 
1 0 4 33 4 1 0 1 
1 0 0 18 1 2 1 1 
0 3 1 3 2 0 0 0 
0 0 0 5 0 1 1 0 
1 0 3 4 8 1 8 2 
0 0 0 3 1 2 0 0 
0 1 0 16 11 1 4 1 
1 0 1 14 1 3 0 0 
0 1 0 4 2 1 0 1 
1 0 2 6 1 0 0 0 
0 0 0 4 0 1 0 0 
0 0 1 5 9 1 3 0 
1 4 5 17 18 27 7 4 
0 0 0 8 0 0 0 0 
0 0 0 1 3 1 3 0 
0 3 4 29 20 2 5 3 
0 6 1 56 3 1 0 0 
0 3 2 4 9 4 5 1 
0 0 0 5 1 0 1 0 
2 3 0 6 0 6 0 1 
0 0 2 41 3 0 1 1 
0 0 0 5 0 0 0 0 
10 2 2 7 8 2 21 2 
5 17 15 350 31 18 10 12 
1 0 0 32 1 1 3 0 
0 0 3 46 5 1 0 0 
0 0 0 5 0 0 0 0 
0 0 0 7 1 0 1 0 
0 0 1 28 4 3 1 1 
7 3 2 125 4 24 6 7 
0 1 1 4 0 2 2 0 
1 0 1 2 1 0 1 0 
0 1 1 2 1 0 0 0 
0 0 1 5 3 0 2 0 
0 1 0 2 0 2 0 0 
0 0 0 4 9 1 5 1 
0 0 1 10 0 0 1 0 
0 1 2 4 6 1 15 1 
2 5 6 71 9 4 13 6 
0 0 1 4 1 0 1 0 
0 0 1 14 3 0 3 0 
1 1 1 37 2 8 5 3 
2 1 1 19 2 5 4 1 
0 0 1 7 1 1 8 0 
0 0 0 11 0 0 5 0 
0 2 5 68 16 2 8 3 
1 7 5 171 1 39 10 3 
0 0 0 4 2 0 1 0 
1 1 2 14 3 3 1 1 
0 0 0 15 0 0 0 0 
255 11 3 5 22 52 12 5 
1 3 0 6 2 4 0 2 
2 25 7 141 10 44 6 20 
2 13 10 44 9 3 10 2 
3 3 2 7 4 3 15 1 
1 1 2 27 4 4 0 0 
33 0 1 1 0 0 10 2 
6 13 9 718 11 13 12 1 
0 0 1 3 0 1 0 1 
0 0 0 7 1 0 0 0 
2 0 1 0 2 0 3 0 
1 0 2 77 14 2 7 5 
0 0 0 1 2 0 2 0 
0 0 1 9 4 0 2 0 
1 0 0 0 8 1 3 0 
0 0 1 2 5 0 10 3 
0 10 46 67 67 3 13 10 
0 3 1 4 23 2 0 0 
0 1 0 6 1 0 14 2 
6 0 20 58 8 4 1 5 
1 0 6 3 1 0 0 0 
2 4 5 14 11 1 4 5 
1 0 1 3 0 1 0 0 
0 0 0 7 0 0 0 1 
10 0 0 1 4 0 15 1 
0 0 0 3 0 2 3 0 
0 2 0 4 0 1 0 0 
0 0 5 1 6 3 1 2 
0 0 0 15 3 0 10 2 
0 0 0 6 1 0 4 1 
54 120 34 1029 42 66 43 26 
2 3 0 10 1 1 0 0 
1 1 3 143 14 10 2 1 
1 0 0 2 0 1 7 0 
0 0 0 1 0 2 3 1 
0 0 1 8 1 0 1 0 
0 0 1 1 1 0 4 2 
1 1 0 2 1 1 0 0 
0 0 2 27 0 4 1 0 
1 2 2 16 4 1 83 4 
2 13 4 88 9 1 3 7 
1 2 0 2 0 1 0 0 
1 0 2 5 5 1 4 1 
0 0 0 16 3 0 3 0 
0 0 1 11 2 3 1 0 
0 1 0 1 0 0 2 1 
0 0 2 0 4 0 0 0 
0 0 0 5 1 1 0 0 
4 3 2 264 22 9 25 5 
0 0 0 11 3 0 1 2 
0 0 0 9 0 0 0 0 
2 6 23 47 20 11 16 15 
1 0 29 36 32 6 6 2 
1 0 0 3 0 2 5 0 
0 0 1 1 1 1 0 1 
0 3 4 26 7 2 3 0 
0 1 0 7 0 0 0 0 
0 1 0 1 3 0 1 1 
0 0 2 2 2 1 0 0 
1 8 0 24 16 7 6 0 
0 0 0 1 4 0 0 0 
0 0 4 112 32 2 6 1 
0 8 29 57 19 0 11 8 
1 0 1 91 10 7 5 1 
5 4 14 261 37 10 110 21 
0 0 0 2 2 2 1 0 
0 0 0 1 10 0 5 0 
0 2 0 4 0 4 2 0 
0 0 1 6 3 1 4 0 
3 2 6 87 40 4 18 1 
3 3 2 28 3 1 116 5 
11 9 9 284 13 36 492 22 
2 0 0 4 0 2 1 0 
0 0 0 26 1 0 0 0 
1 0 0 3 3 1 0 0 
0 0 0 10 0 0 0 0 
0 3 5 67 15 8 6 6 
0 0 1 4 1 1 1 0 
32 8 10 46 25 10 336 16 
1 0 1 3 5 0 5 0 
3 7 41 94 72 9 37 19 
5 4 6 402 8 24 3 8 
3 0 2 10 7 1 0 2 
0 0 0 1 2 1 1 0 
2 0 6 36 17 4 5 1 
0 1 1 2 2 4 1 2 
1 6 18 25 36 5 6 5 
2 0 7 342 12 17 9 5 
0 2 1 2 1 1 0 0 
1 7 31 129 126 13 9 10 
0 1 0 3 0 0 0 0 
1 7 5 312 25 13 5 5 
0 2 1 4 1 7 0 0 
0 0 0 5 0 0 0 0 
0 0 0 6 0 0 0 0 
1 1 2 4 4 1 7 1 
5 6 17 204 22 17 7 8 
0 3 2 2 6 2 1 1 
1 0 1 8 0 0 1 0 
0 2 3 2 15 2 7 0 
0 1 0 4 5 1 2 0 
1 0 0 1 2 0 1 2 
2 1 1 5 6 0 9 0 
1 0 0 2 3 0 1 0 
3 0 8 5 22 2 8 3 
0 0 1 0 12 0 4 0 
1 1 0 3 4 0 2 2 
0 0 1 2 2 1 0 0 
1 3 1 12 1 2 9 1 
1 0 1 1 2 0 0 0 
2 0 0 1 1 1 0 0 
2 1 0 1 0 0 1 0 
0 0 0 7 4 0 0 1 
0 0 0 1 5 0 0 0 
0 0 0 9 0 1 2 1 
0 0 0 1 4 1 1 0 
1 0 4 2 23 0 21 0 
7 0 3 1 2 1 2 0 
2 1 3 15 15 6 6 3 
1 0 0 0 1 0 3 0 
0 0 3 4 1 2 0 0 
0 0 2 1 0 4 0 0 
0 21 13 33 42 24 7 5 
0 0 1 1 0 2 3 0 
0 0 0 5 2 0 1 0 
0 6 1 4 9 11 11 2 
0 0 3 2 9 1 29 5 
2 2 1 7 3 0 27 2 
4 23 32 226 37 71 16 20 
1 0 0 4 1 1 3 0 
1 0 2 2 1 0 11 2 
11 18 13 36 18 23 269 5 
17 1 5 232 12 14 52 4 
2 4 5 69 6 5 7 6 
1 2 2 8 0 2 0 0 
1 1 0 31 6 2 2 0 
0 0 1 8 2 1 0 1 
0 0 0 6 3 0 0 0 
0 0 0 9 4 0 2 0 
0 0 0 4 0 0 1 0 
0 0 1 4 4 0 2 0 
0 0 2 13 3 0 2 1 
0 2 0 1 2 1 1 0 
3 7 6 27 8 9 62 11 
0 0 0 2 1 0 3 0 
0 0 0 22 0 3 1 1 
0 0 0 1 1 3 0 0 
2 16 4 16 5 14 26 10 
3 0 1 0 0 0 2 0 
0 5 6 4 1 3 0 1 
1 0 5 10 15 0 15 3 
3 0 2 1 1 2 2 0 
0 2 0 5 0 0 0 0 
0 0 2 3 2 2 0 0 
0 0 0 6 0 0 1 1 
0 0 0 2 2 0 1 0 
1 0 0 2 2 3 2 0 
0 0 0 5 6 0 0 0 
0 0 2 2 1 0 0 0 
0 0 2 21 2 1 2 2 
0 0 0 0 4 0 1 0 
0 0 0 11 0 1 0 0 
0 38 20 49 13 137 7 10 
5 12 14 312 24 29 111 34 
1 4 3 31 9 2 4 4 
1 3 1 29 0 5 2 1 
0 2 0 9 0 0 0 1 
0 0 1 17 2 1 2 1 
0 0 0 12 1 0 0 1 
0 1 0 73 5 1 8 1 
3 0 0 0 1 0 5 0 
0 0 0 7 0 0 0 0 
0 0 0 3 1 0 1 0 
0 0 0 5 0 0 1 0 
0 6 4 69 8 6 0 5 
2 2 6 76 44 9 32 7 
1 1 1 106 4 2 56 0 
3 0 3 2 20 2 12 0 
11 56 96 423 80 85 54 50 
1 5 10 126 26 12 29 7 
0 14 8 32 26 14 72 22 
1 21 4 12 0 15 7 6 
0 0 1 5 7 0 4 1 
1 3 11 93 34 7 37 11 
0 0 0 2 2 0 2 0 
0 9 0 46 2 8 9 2 
1 32 30 267 21 57 32 19 
0 0 1 1 1 0 3 0 
1 4 33 24 55 5 31 6 
0 0 1 16 1 3 1 0 
1 1 6 109 41 2 11 3 
0 0 0 13 0 1 4 1 
1 0 0 7 5 0 2 1 
0 0 3 42 7 0 3 0 
10 1 15 4 34 2 71 4 
2 9 20 35 72 25 62 18 
1 6 3 59 1 5 1 1 
0 0 0 4 6 0 0 0 
1 1 1 5 3 3 2 1 
2 15 45 33 61 12 19 10 
0 0 0 2 2 0 2 1 
9 7 8 49 54 7 295 30 
0 0 4 5 8 1 3 0 
16 15 34 195 213 17 27 22 
0 1 4 35 16 2 21 1 
0 1 2 31 21 0 2 0 
0 1 3 47 16 2 67 6 
0 0 0 26 1 1 0 0 
4 4 13 22 25 2 8 2 
0 0 0 272 5 6 10 2 
12 99 21 374 80 85 126 24 
4 0 13 59 71 3 12 2 
1 42 33 138 40 105 11 32 
0 0 1 30 1 1 0 0 
1 1 0 5 0 1 1 0 
1 0 1 25 2 0 10 3 
2 8 9 284 111 36 78 6 
7 19 10 180 32 37 101 30 
4 4 1 48 8 7 58 9 
0 0 0 4 3 1 3 2 
1 0 0 54 1 5 3 1 
11 14 7 270 28 11 113 6 
3 7 34 154 69 33 36 10 
0 0 0 51 5 1 2 1 
0 0 0 7 0 0 0 0 
0 9 1 4 1 4 6 0 
6 29 42 445 46 33 94 33 
0 7 0 8 0 9 4 6 
22 24 50 157 291 56 30 39 
0 2 1 100 2 5 15 1 
4 16 12 972 17 156 29 33 
1 0 0 13 0 2 0 0 
2 0 2 1 1 0 3 0 
3 1 7 263 20 8 11 4 
1 5 0 5 2 2 0 1 
0 0 0 8 0 0 0 1 
0 1 1 8 2 2 18 0 
0 0 1 5 0 0 0 1 
1 1 2 3 0 4 4 0 
1 1 3 3 3 3 2 0 
0 0 0 4 2 0 0 0 
0 0 0 7 0 0 0 0 
0 0 0 2 1 1 1 0 
0 3 0 14 1 2 2 0 
2 2 6 153 16 16 12 8 
0 1 0 12 1 1 1 0 
0 0 0 34 4 1 2 0 
0 2 1 3 2 3 3 0 
0 0 0 82 5 3 11 0 
0 1 3 11 10 0 1 1 
4 2 6 86 22 7 39 8 
0 0 3 29 7 5 0 3 
1 3 3 58 13 3 3 2 
3 0 5 19 19 1 20 3 
25 238 2 8 1 89 0 4 
0 0 1 64 15 5 3 0 
4 5 1 15 1 1 0 1 
0 1 0 14 2 0 7 3 
0 0 1 1 4 2 0 1 
0 1 0 3 1 0 1 0 
1 9 37 79 82 33 18 25 
1 0 1 14 6 1 2 0 
4 1 0 58 4 2 5 0 
0 1 1 0 0 5 0 0 
0 0 0 3 0 1 2 0 
0 0 0 4 2 0 1 1 
0 0 4 68 14 2 45 3 
0 0 0 2 3 0 0 0 
0 0 1 4 1 0 1 0 
2 0 0 14 5 0 5 0 
2 3 1 30 2 10 1 4 
0 0 0 7 5 2 3 1 
0 0 0 4 0 0 1 0 
0 0 3 22 0 3 1 0 
1 0 1 3 0 0 0 0 
0 0 0 4 0 0 1 0 
0 1 1 1 2 1 1 1 
3 1 0 92 2 5 3 1 
0 0 0 1 5 0 1 0 
0 1 1 31 3 1 2 1 
1 6 1 27 17 3 0 1 
0 0 0 7 0 0 0 0 
1 6 4 367 36 4 7 3 
2 0 6 25 14 1 20 2 
1 0 3 50 0 0 3 0 
0 0 0 20 5 0 4 1 
0 4 1 65 5 9 1 3 
0 0 4 4 14 2 2 1 
1 0 0 2 0 0 1 1 
0 0 0 22 0 1 0 0 
1 1 1 0 10 1 4 0 
2 3 7 53 19 2 21 9 
0 0 4 0 2 1 0 0 
1 1 1 8 0 0 5 2 
0 1 0 5 0 1 2 1 
0 0 0 6 2 3 1 1 
3 15 2 83 6 24 37 3 
0 0 1 6 0 2 4 2 
0 0 1 19 3 3 3 0 
0 0 0 6 0 0 0 0 
0 0 6 73 9 0 3 3 
0 0 0 9 0 1 5 1 
11 53 30 1117 40 58 53 23 
3 13 1 7 0 20 1 0 
0 0 1 21 2 1 1 2 
0 0 0 3 2 0 0 0 
0 1 0 19 2 1 0 0 
0 0 3 24 3 2 3 0 
1 0 0 4 1 1 0 1 
6 29 40 483 61 95 69 65 
1 2 2 99 30 12 23 4 
19 9 34 1955 89 96 54 38 
0 0 1 39 11 0 2 2 
1 2 6 444 20 13 7 8 
2 0 1 5 1 0 1 0 
2 1 0 1 0 2 3 0 
1 3 1 0 1 3 0 0 
3 21 32 271 86 13 21 14 
0 0 0 21 13 1 8 1 
0 1 3 9 8 2 8 1 
1 1 0 8 1 3 1 0 
0 0 0 12 3 1 2 1 
1 0 2 12 13 1 10 1 
0 0 0 0 4 2 1 0 
0 0 0 3 2 0 5 0 
0 5 4 69 23 1 30 2 
1 0 0 6 18 0 5 1 
1 0 0 82 4 2 5 1 
0 1 0 1 1 2 1 1 
1 1 0 1 1 1 1 0 
0 0 0 6 0 0 1 0 
1 3 1 77 3 7 0 1 
0 0 0 5 0 1 0 0 
19 56 26 216 24 169 5 10 
0 0 0 18 0 0 2 0 
0 0 0 38 2 0 1 0 
0 0 0 1 8 0 0 0 
0 0 0 14 0 0 0 0 
0 1 0 156 3 4 4 1 
1 1 4 192 4 5 2 2 
0 0 0 26 1 0 0 0 
1 1 0 34 1 3 4 0 
0 0 0 9 14 0 2 0 
1 0 1 31 6 3 6 2 
2 4 1 5 1 0 12 2 
0 2 9 26 27 0 6 2 
7 17 0 37 1 11 17 3 
1 0 1 35 3 1 1 0 
0 0 1 2 2 1 1 1 
0 1 3 6 19 0 3 0 
1 4 1 11 2 2 1 1 
4 1 5 79 6 2 7 3 
3 3 8 329 71 11 18 6 
36 1 28 492 94 27 110 13 
0 4 10 57 55 9 17 5 
0 0 0 6 2 0 0 1 
0 0 1 3 2 1 2 3 
3 1 3 14 20 2 59 6 
0 0 2 6 0 1 3 0 
0 1 0 5 0 1 3 0 
1 4 4 13 19 4 4 2 
1 0 3 8 8 2 1 0 
3 2 1 0 4 1 2 0 
0 0 2 12 4 2 0 1 
1 12 67 31 118 14 15 12 
0 0 0 20 3 1 1 0 
1 3 6 280 17 6 13 1 
5 1 4 136 47 8 101 3 
0 0 2 4 7 0 1 0 
1 0 5 34 6 6 6 1 
2 0 3 13 16 4 4 0 
7 3 24 271 60 16 9 11 
0 0 0 7 2 0 1 0 
0 0 3 47 25 4 2 1 
0 0 0 3 1 1 1 0 
0 0 0 6 0 1 2 2 
1 2 0 38 3 3 16 1 
2 3 11 66 26 4 0 3 
1 0 3 27 11 6 0 0 
1 1 0 28 1 10 2 0 
24 338 17 1186 27 159 16 32 
1 2 9 4 38 4 1 1 
1 0 1 6 12 1 10 0 
0 0 0 4 2 0 0 2 
0 0 12 10 8 0 0 1 
0 0 1 2 0 1 0 1 
0 0 1 2 1 0 0 1 
0 1 4 82 4 2 7 2 
0 0 3 12 4 0 1 0 
0 0 0 41 5 0 1 0 
0 2 0 10 1 3 0 0 
1 0 2 5 12 2 6 0 
0 1 1 17 0 4 4 1 
2 15 0 7 1 10 1 1 
29 197 28 74 43 161 23 52 
2 3 41 34 213 3 8 7 
0 0 2 1 10 2 1 1 
0 0 0 10 0 0 0 0 
0 0 0 5 0 3 3 3 
0 0 0 3 0 2 0 0 
0 0 0 27 1 0 0 2 
0 8 2 3 1 7 2 4 
0 2 0 6 0 0 0 0 
1 4 1 233 2 18 2 1 
0 0 0 5 2 1 0 0 
0 0 0 2 5 0 0 0 
0 0 1 0 9 2 0 0 
4 0 1 2 1 1 2 2 
0 0 0 8 1 4 1 0 
0 0 2 1 3 0 0 0 
0 0 0 4 1 1 2 0 
0 0 0 12 0 0 0 1 
0 0 0 7 1 2 1 0 
0 1 0 12 0 0 1 0 
2 2 4 31 9 15 8 4 
0 0 1 7 0 0 1 0 
0 10 12 21 14 9 3 3 
0 5 0 31 6 2 2 1 
2 61 3 431 4 89 5 10 
1 10 2 103 0 56 1 3 
0 0 0 2 1 6 0 1 
123 1044 29 8865 52 1038 35 49 
45 55 25 46 435 39 295 29 
9 11 64 397 149 23 29 22 
1 0 0 7 1 0 1 1 
0 1 0 5 0 0 3 0 
0 0 0 2 2 0 1 0 
2 4 16 16 69 3 3 4 
0 0 1 1 9 0 2 0 
0 3 0 4 0 7 1 0 
0 0 1 17 1 1 0 0 
1 4 15 57 71 4 27 18 
0 1 0 10 0 1 12 1 
5 0 8 24 40 5 17 3 
1 2 5 36 4 3 1 1 
9 0 4 7 45 4 19 2 
37 12 0 4 0 2 0 0 
0 2 1 103 8 15 2 6 
2 2 4 26 40 7 3 3 
0 0 0 6 1 3 0 2 
0 0 0 0 7 0 1 1 
2 0 5 6 67 1 21 3 
0 0 0 2 1 0 3 0 
4 6 16 48 174 11 107 17 
0 2 2 25 10 3 17 1 
0 0 1 5 5 0 1 2 
2 2 5 46 21 11 16 5 
7 8 7 83 11 13 53 13 
0 0 1 12 5 0 2 0 
0 0 1 1 9 0 30 2 
0 2 8 16 12 5 4 2 
0 1 1 0 2 0 1 0 
3 1 0 2 2 1 6 0 
0 0 2 2 1 6 3 0 
6 0 3 3 25 1 4 2 
0 0 0 6 2 0 3 0 
1 0 3 31 10 2 0 2 
2 1 3 9 4 0 1 0 
0 0 2 0 1 1 1 0 
1 0 2 2 7 0 5 0 
1 0 7 27 8 3 2 3 
0 4 0 25 26 0 12 3 
0 0 1 14 1 1 1 0 
0 4 1 60 1 7 0 0 
0 0 0 4 3 3 5 0 
0 0 3 10 1 0 1 2 
0 0 1 1 5 0 1 0 
2 0 4 106 11 6 14 3 
0 0 0 7 0 0 0 0 
8 1 0 3 5 1 63 2 
0 0 0 1 2 0 7 0 
0 0 0 0 8 1 0 0 
1 0 2 15 0 0 1 0 
0 7 1 5 0 7 0 0 
0 0 0 4 0 2 0 0 
1 13 3 65 24 10 2 6 
0 4 8 30 25 3 15 6 
3 2 6 514 21 8 17 7 
0 0 0 6 0 0 1 0 
0 1 0 90 1 14 1 2 
6 3 7 160 13 2 31 2 
0 3 1 4 16 0 3 2 
0 0 0 3 0 0 2 0 
0 0 0 22 2 2 2 0 
0 0 0 20 1 0 1 0 
2 2 5 159 29 4 81 7 
0 0 0 4 1 0 0 0 
1 0 1 4 4 0 1 0 
1 0 8 31 49 3 36 4 
0 20 3 339 3 9 8 1 
6 6 5 222 31 14 43 7 
1 0 5 1 15 4 1 3 
0 0 0 2 4 0 1 0 
0 1 2 8 7 0 3 0 
1 1 11 36 39 2 5 4 
5 6 7 208 36 9 58 10 
0 0 1 11 4 1 1 1 
1 8 6 65 12 5 8 6 
0 0 1 10 4 1 2 2 
2 3 1 58 1 7 0 1 
1 5 4 37 63 0 11 1 
0 3 3 12 5 2 5 0 
0 0 3 27 29 5 15 4 
2 12 40 125 108 10 26 7 
5 2 5 11 25 0 7 1 
0 0 2 5 37 1 2 0 
0 0 1 8 9 1 2 0 
1 0 0 10 9 2 10 2 
0 1 1 3 5 1 0 0 
1 0 0 3 5 0 2 1 
0 0 2 8 15 1 8 2 
0 2 0 25 0 2 0 0 
4 3 10 45 130 8 10 5 
2 0 1 3 13 0 9 0 
1 0 5 36 35 1 8 0 
1 2 1 15 12 0 4 0 
0 0 0 9 2 0 1 0 
0 3 1 2 1 7 0 0 
0 0 0 3 1 0 0 1 
1 0 1 2 3 0 1 0 
0 2 0 4 0 1 6 0 
0 0 0 2 5 1 2 0 
0 0 0 4 1 0 1 0 
3 19 89 94 257 40 23 25 
4 1 16 5 80 0 17 5 
1 5 0 46 0 8 0 0 
0 0 5 15 1 1 2 2 
0 1 0 8 3 0 1 1 
1 1 2 16 3 1 2 0 
0 0 0 4 0 2 0 0 
2 0 2 15 7 0 1 1 
0 1 0 3 0 1 0 0 
2 0 1 2 1 1 1 1 
0 10 0 60 6 7 4 1 
1 0 1 3 0 0 0 0 
1 46 16 18 80 17 6 9 
13 6 30 499 64 72 75 30 
0 0 0 2 6 0 0 0 
0 0 0 4 1 0 0 0 
2 0 1 17 3 1 2 0 
1 0 0 10 1 0 0 0 
0 0 1 2 0 1 1 0 
1 0 0 34 1 1 2 0 
1 1 0 8 0 10 2 0 
0 2 1 5 0 2 0 0 
0 0 0 6 0 1 0 0 
2 0 1 57 3 1 6 3 
0 0 0 16 2 0 1 0 
0 0 0 8 1 0 0 0 
1 0 2 3 8 1 7 0 
0 1 0 24 2 0 1 0 
0 0 0 4 1 0 0 0 
1 13 7 23 28 8 29 6 
0 1 0 3 1 0 0 0 
2 3 6 10 26 0 7 0 
0 0 1 19 3 3 0 0 
0 8 3 53 3 2 0 2 
2 12 12 101 26 4 6 5 
1 5 5 74 3 6 0 0 
3 15 5 9 40 6 2 3 
0 0 0 2 1 0 2 0 
0 4 4 14 4 2 0 0 
11 8 68 121 144 13 18 23 
0 1 1 1 1 1 0 1 
1 0 0 0 9 1 5 0 
3 1 1 9 3 3 4 6 
1 1 6 24 4 0 0 1 
57 172 539 125 3700 63 425 151 
0 0 4 17 18 6 0 1 
1 0 3 8 14 1 0 1 
3 0 0 0 3 0 13 0 
2 0 3 10 12 5 46 6 
1 0 1 4 8 1 6 0 
4 2 5 26 25 9 81 11 
0 0 0 9 2 1 2 0 
0 0 1 11 2 0 0 1 
0 0 3 8 9 0 0 1 
2 1 3 12 30 4 14 3 
0 0 0 5 2 0 0 0 
0 0 1 1 8 0 1 0 
0 0 0 0 8 0 0 0 
11 55 1 21 4 92 2 5 
0 0 3 1 5 0 3 1 
1 8 4 1315 19 28 1 8 
0 0 0 1 2 1 1 0 
0 11 2 4 10 4 1 2 
0 2 1 5 0 0 0 0 
1 0 16 39 12 7 5 2 
0 0 0 12 1 2 0 0 
0 1 0 0 6 0 1 0 
0 0 1 5 1 0 0 0 
1 2 3 526 15 19 4 4 
0 0 0 3 0 0 2 1 
0 0 1 8 0 0 1 0 
1 0 0 6 4 0 1 0 
0 0 0 4 1 0 0 0 
4 17 1 700 5 39 3 1 
23 33 10 95 346 21 19 11 
0 12 1 5 1 1 1 4 
0 0 0 43 3 2 0 1 
0 0 1 3 2 1 1 0 
0 0 1 7 4 0 0 0 
1 8 8 36 7 7 6 5 
0 1 0 41 0 2 0 0 
0 0 0 27 1 1 1 0 
35 130 30 3367 86 113 38 61 
4 16 9 231 12 20 7 8 
0 1 0 10 0 0 0 0 
0 1 0 4 0 0 0 0 
0 0 1 3 1 0 1 0 
1 2 13 32 106 10 18 5 
0 0 0 6 0 0 0 0 
0 0 1 17 4 3 3 2 
0 0 0 17 1 0 1 0 
23 25 112 51 330 15 16 26 
1 1 4 9 15 4 2 1 
1 1 0 68 1 1 2 0 
4 8 54 123 101 13 28 19 
0 1 1 21 17 1 0 0 
0 0 0 10 4 0 0 0 
4 10 33 67 108 43 30 16 
0 1 2 2 8 0 1 0 
0 0 0 5 0 0 1 0 
1 6 2 398 4 7 8 4 
0 0 0 18 5 0 0 0 
1 0 1 32 12 3 31 2 
0 0 0 7 1 1 0 0 
1 0 3 41 8 4 9 4 
4 18 22 389 55 46 7 18 
5 34 0 285 3 13 11 2 
6 1 6 35 64 3 20 6 
2 3 2 264 4 15 2 2 
0 3 2 6 5 3 10 3 
30 7 2 0 13 3 5 3 
1444 183 10 15 11 40 37 8 
0 1 5 7 31 4 4 2 
0 0 0 4 0 1 1 0 
0 0 0 14 0 0 0 0 
2 12 34 57 42 10 20 16 
55 143 75 172 174 118 1464 207 
0 0 8 0 1 0 2 0 
0 0 0 19 1 0 0 0 
0 1 1 15 21 3 2 1 
2 15 13 772 12 24 5 8 
0 0 1 140 4 6 0 1 
0 1 1 0 4 0 1 0 
1 3 10 130 40 3 29 5 
11 120 15 771 10 255 12 11 
3 14 42 84 131 23 45 16 
2 1 4 61 8 0 5 2 
9 10 23 687 74 17 20 11 
6 154 11 107 9 202 10 18 
8 17 6 25 106 9 30 12 
0 0 0 21 1 0 2 0 
3 2 4 137 5 2 4 1 
1 6 1 3 0 7 1 0 
3 25 11 30 96 13 18 21 
0 0 1 0 2 0 1 1 
2 8 2 187 6 15 1 4 
0 0 5 6 13 2 1 1 
2 2 2 297 5 5 1 4 
0 1 1 12 11 4 0 1 
0 2 2 13 2 1 1 0 
1 1 4 11 13 1 1 1 
3 11 10 98 33 7 12 10 
1 1 2 19 4 2 3 0 
4 1 7 469 50 11 95 9 
7 124 43 340 71 116 49 53 
0 0 0 4 2 1 1 0 
0 1 0 8 2 1 0 0 
0 11 1 3 4 1 4 0 
3 4 0 200 26 7 37 1 
0 0 0 10 0 0 4 0 
3 7 18 51 67 7 8 13 
9 35 44 63 188 33 67 19 
0 3 2 6 4 3 2 3 
0 2 2 34 12 1 2 1 
34 25 1 171 10 21 9 4 
1 0 0 14 1 1 0 0 
3 3 3 609 28 14 5 8 
3 14 6 168 19 16 30 6 
0 1 0 2 3 0 0 1 
1 0 0 37 2 2 20 2 
0 2 1 3 2 3 1 1 
8 11 51 152 177 9 104 16 
0 2 0 1 5 0 0 0 
0 1 0 5 0 1 0 0 
0 0 0 3 7 1 9 2 
387 24 14 87 16 5 51 7 
2 2 6 461 22 21 8 7 
5 11 12 560 29 20 18 15 
3 3 12 151 67 20 8 5 
1 1 2 53 18 6 26 2 
1 0 1 206 9 7 7 1 
32 10 24 198 416 46 93 32 
3 5 2 221 5 5 7 0 
4 5 32 106 149 12 38 8 
0 0 0 5 1 0 0 0 
1 0 0 9 1 0 2 0 
2 0 5 601 25 11 7 0 
0 6 19 17 10 2 0 4 
4 5 7 814 10 9 6 4 
7 8 2 358 87 8 9 7 
0 0 0 63 3 0 0 1 
0 1 3 32 7 1 4 0 
4 0 3 188 28 3 29 3 
1 0 4 39 10 2 11 2 
2 10 16 575 43 8 20 12 
0 1 0 1 1 1 7 1 
2 3 6 48 20 4 51 3 
1 3 1 50 23 1 28 2 
2 0 0 16 2 0 3 0 
2 6 6 20 8 10 5 3 
3 67 13 71 30 69 4 18 
0 1 1 27 4 2 0 1 
11 14 30 208 201 57 471 40 
0 2 1 25 3 1 1 0 
0 0 4 8 8 0 7 0 
2 3 0 35 2 12 2 1 
1 3 8 421 7 10 12 3 
0 0 0 9 1 0 0 1 
1 0 4 27 6 1 2 0 
1 1 0 3 0 0 1 1 
0 0 0 6 0 1 1 0 
0 1 6 13 19 1 2 1 
1 0 0 13 0 1 5 0 
1 0 0 5 1 1 9 0 
1 0 1 3 2 0 0 0 
11 12 21 1948 71 37 200 12 
13 18 68 1656 186 60 43 40 
5 4 2 355 10 8 9 3 
3 8 2 5 6 4 3 2 
9 16 8 39 34 18 17 10 
49 283 154 504 479 263 231 305 
0 0 0 15 3 3 0 0 
6 7 15 493 75 21 20 7 
8 18 9 48 25 20 240 24 
2 6 6 569 2 16 8 1 
868 23 54 37 98 27 491 28 
2 2 0 1 0 3 0 0 
9 143 15 58 17 58 80 18 
0 0 1 8 4 0 7 4 
11 67 28 4808 60 89 31 23 
15 52 19 1926 108 163 21 11 
0 0 0 12 0 1 1 0 
0 2 1 55 15 17 2 2 
2 42 3 330 3 64 5 7 
6 49 42 1523 57 76 36 37 
119 3 9 7 8 2 16 6 
0 0 2 36 3 0 8 0 
0 0 0 35 0 0 7 1 
0 0 0 3 1 1 1 0 
0 0 0 2 0 0 3 0 
2 9 4 82 8 20 5 7 
0 0 0 8 0 0 0 0 
0 2 0 1 1 0 0 1 
0 1 2 2 1 0 0 1 
0 1 0 3 0 1 1 0 
0 2 1 10 0 5 0 4 
3 3 1 0 1 1 1 0 
1 1 1 1 1 2 2 3 
3 0 6 190 9 4 11 4 
0 2 1 4 0 0 0 0 
0 0 0 1 3 2 0 0 
12 0 4 2 15 0 35 9 
0 1 1 7 1 4 3 1 
0 6 0 50 0 9 0 1 
1 0 1 1 0 2 0 1 
0 2 0 2 2 1 0 0 
0 0 0 4 1 1 6 0 
6 0 0 4 8 7 24 3 
1 0 1 1 1 0 2 0 
0 0 0 3 1 0 8 1 
0 0 1 2 0 0 2 0 
1 1 1 4 0 1 2 1 
0 0 3 24 6 4 1 3 
0 1 1 1 3 0 4 0 
0 0 2 0 4 0 0 0 
0 0 4 2 1 1 1 1 
0 0 1 1 2 0 1 1 
1 0 0 0 3 0 1 0 
1 0 1 2 3 2 2 0 
0 0 1 4 0 3 2 0 
0 2 2 8 8 6 5 1 
2 0 0 0 0 1 5 2 
0 2 1 6 1 2 0 0 
0 0 0 0 1 0 4 0 
0 2 0 14 1 12 2 1 
2 2 1 1 0 1 1 1 
0 0 1 0 0 0 3 1 
0 1 1 2 1 4 0 2 
0 2 1 1 0 3 0 0 
0 0 1 2 1 2 0 0 
1 0 3 2 2 0 8 1 
10 5 15 61 59 24 81 13 
0 0 0 4 0 2 0 0 
0 0 0 3 1 1 1 1 
1 0 1 1 3 0 1 0 
0 0 1 21 2 3 6 3 
0 5 3 26 3 7 2 4 
0 0 0 0 3 0 2 0 
3 0 1 1 2 2 11 3 
0 0 0 2 4 3 8 0 
0 0 0 3 8 0 0 0 
0 0 0 0 2 0 6 2 
0 0 1 11 9 1 1 1 
0 0 0 2 2 1 1 0 
0 0 2 9 2 1 6 2 
1 0 0 1 1 1 4 2 
7 0 2 0 4 2 5 2 
1 0 6 13 12 3 9 3 
1 0 1 3 1 0 3 0 
0 1 1 6 5 0 0 0 
0 0 5 13 4 6 3 1 
1 1 2 2 2 2 1 0 
0 0 0 5 0 0 0 0 
4 0 2 5 1 2 16 1 
0 0 0 5 0 0 0 0 
0 0 1 7 0 0 4 2 
0 0 0 5 0 0 1 1 
4 3 4 3 6 14 4 3 
0 0 0 0 0 0 4 1 
0 0 0 4 1 1 0 0 
0 0 0 6 0 0 0 1 
1 2 1 46 1 5 1 0 
0 1 0 3 1 1 1 1 
0 0 1 5 4 3 0 0 
1 0 0 1 3 4 1 0 
0 0 0 37 26 0 0 1 
2 0 1 5 0 1 0 0 
2 0 1 10 8 1 8 1 
2 0 1 2 2 0 1 4 
0 3 1 0 2 5 0 0 
1 0 2 12 4 4 2 2 
1 0 0 6 1 0 0 0 
1 0 0 10 2 0 0 1 
0 0 0 13 1 0 3 1 
0 0 1 14 2 1 0 1 
0 0 0 2 0 2 0 1 
0 0 1 2 5 1 4 0 
0 0 0 0 2 1 2 1 
0 2 7 13 8 1 6 2 
2 0 0 0 0 0 3 2 
0 0 0 18 2 0 5 0 
11 0 0 0 2 0 11 0 
0 0 1 4 1 2 2 2 
0 1 0 4 0 5 1 0 
0 0 0 3 0 2 0 0 
0 0 1 3 3 0 7 0 
0 0 2 1 1 0 3 0 
0 0 0 3 0 1 2 1 
1 4 9 185 12 71 11 12 
1 2 1 13 1 2 1 1 
0 0 0 3 1 0 1 0 
0 0 0 7 1 3 0 1 
0 0 0 2 2 1 1 0 
0 0 0 5 2 0 2 1 
1 0 0 3 0 0 6 0 
0 0 2 9 0 0 6 1 
1 0 0 4 0 2 1 2 
0 1 0 0 2 1 6 1 
8 6 14 66 69 11 89 18 
0 0 1 4 0 1 0 0 
1 0 0 2 0 1 1 1 
0 0 0 5 0 2 1 0 
0 0 0 3 1 0 1 0 
0 0 0 3 0 0 2 1 
0 0 1 3 0 0 1 2 
0 0 0 9 3 2 6 2 
0 0 0 5 0 0 0 1 
0 0 0 1 0 0 5 0 
0 0 0 7 0 0 0 0 
0 0 0 3 0 1 2 0 
0 0 0 20 16 1 0 0 
1 0 1 0 3 1 5 1 
0 0 0 50 10 12 4 3 
0 0 0 2 3 0 0 0 
0 0 0 3 2 1 0 0 
0 0 0 2 0 0 6 0 
0 0 0 3 2 3 4 0 
3 1 6 15 2 2 15 4 
0 0 1 6 1 0 0 0 
0 0 0 4 1 0 1 0 
0 0 2 3 3 1 2 1 
1 0 1 37 11 11 5 2 
1 0 2 5 3 1 12 2 
0 0 0 0 1 0 26 0 
0 0 0 2 2 1 0 0 
12 0 7 12 16 9 155 8 
2 1 2 0 2 1 2 1 
1 0 2 5 10 6 3 1 
1 0 1 5 2 4 6 0 
0 0 3 24 7 7 4 1 
3 0 0 0 1 1 1 2 
0 0 0 0 1 0 3 1 
0 0 4 14 3 7 22 2 
0 0 0 3 6 0 1 0 
1 0 1 23 17 5 31 3 
0 0 1 3 4 0 0 1 
0 0 0 1 6 0 0 0 
0 0 0 3 1 0 3 3 
2 0 6 1 1 1 4 2 
3 1 1 35 16 11 4 0 
5 6 3 21 4 34 23 6 
8 1 0 1 1 2 2 2 
0 0 0 6 0 0 0 0 
0 0 2 1 3 0 2 2 
0 0 1 20 12 2 10 0 
1 0 0 1 1 0 3 0 
0 0 1 3 1 0 1 0 
0 0 1 7 0 1 0 1 
0 0 1 1 1 0 3 0 
1 0 5 2 5 2 19 3 
2 0 0 1 2 0 6 0 
0 1 4 20 3 1 2 1 
0 0 0 6 3 7 12 0 
0 0 0 5 2 0 0 0 
2 0 0 0 3 0 1 1 
4 1 6 14 30 3 20 3 
2 0 0 0 4 0 18 0 
0 0 0 1 6 0 1 0 
1 0 2 4 8 2 11 1 
0 0 0 9 0 14 2 0 
0 0 1 3 1 0 1 0 
0 0 0 1 2 1 1 0 
0 1 3 2 4 1 3 2 
0 1 1 4 0 0 5 0 
2 1 1 50 1 25 14 2 
0 0 2 27 2 13 12 2 
0 1 0 9 2 0 3 1 
0 0 0 13 2 5 0 2 
0 0 0 7 0 0 0 1 
1 3 1 3 0 6 3 1 
9 1 7 7 6 4 48 1 
0 0 0 1 0 0 10 1 
2 0 2 0 3 0 20 2 
0 0 3 2 0 0 2 1 
0 0 0 2 1 0 1 1 
0 0 1 4 3 0 0 0 
0 1 0 3 8 2 2 2 
3 1 4 25 11 1 4 2 
1 1 0 2 1 0 3 1 
0 0 1 1 2 0 0 1 
1 1 0 1 6 0 0 3 
0 0 0 2 2 0 1 0 
0 0 0 4 5 0 2 0 
0 1 0 5 1 2 1 1 
0 0 1 4 5 0 0 1 
0 0 2 3 8 1 0 2 
3 0 7 26 48 4 12 4 
0 1 0 9 3 2 3 1 
7 2 7 32 72 8 33 6 
0 0 0 10 1 1 0 0 
0 0 0 3 0 1 0 1 
1 1 0 1 1 0 1 2 
1 0 0 3 11 0 0 0 
5 1 1 0 3 1 27 1 
1 2 0 0 4 2 7 1 
4 0 5 11 19 3 14 5 
0 0 0 4 0 1 0 0 
0 0 1 3 2 0 0 0 
6 2 9 13 17 4 23 4 
0 1 2 11 18 0 6 5 
2 1 4 11 24 1 1 0 
1 1 0 1 2 2 1 1 
0 1 0 2 0 1 1 1 
0 0 1 7 0 1 0 0 
1 0 1 2 10 1 19 2 
0 0 0 0 3 0 7 0 
0 1 0 2 1 11 1 0 
1 0 0 9 8 1 6 3 
3 1 10 31 10 16 31 10 
0 0 0 2 1 0 5 0 
0 1 0 6 1 0 2 2 
0 0 2 0 16 0 19 0 
0 0 0 5 3 2 1 0 
0 0 1 12 7 0 0 1 
13 6 55 305 57 102 54 39 
0 0 0 9 4 1 5 1 
0 0 0 3 4 0 1 0 
0 0 3 19 8 4 1 1 
1 0 0 4 4 0 0 0 
1 1 9 110 13 59 14 7 
0 0 0 2 2 1 0 0 
0 0 0 23 9 0 0 0 
0 0 1 0 4 0 3 2 
0 0 1 4 4 0 2 1 
0 0 3 6 10 0 1 3 
0 0 1 2 6 0 0 0 
0 2 0 1 0 0 4 1 
0 0 0 1 4 0 1 0 
2 0 9 12 6 8 22 3 
1 0 0 7 3 0 2 1 
0 0 2 2 0 0 0 1 
0 0 0 3 1 0 2 0 
0 0 0 1 2 0 2 0 
0 0 0 6 2 0 7 3 
0 0 0 0 2 0 3 0 
0 0 3 13 5 1 10 3 
1 0 5 22 5 4 7 4 
0 0 0 3 1 0 1 0 
0 0 0 19 11 6 7 3 
5 4 0 38 2 6 2 0 
1 0 0 21 0 6 2 0 
0 1 1 27 0 6 1 2 
0 0 2 16 15 1 1 0 
0 0 0 4 4 2 2 2 
0 1 1 2 3 0 3 2 
5 1 0 40 2 4 1 1 
0 0 0 0 3 0 8 0 
0 0 1 2 0 0 4 0 
0 0 2 0 0 1 4 0 
0 0 3 5 3 0 2 0 
0 0 0 0 3 0 4 2 
0 0 1 1 7 1 3 0 
0 0 0 7 0 0 0 0 
0 1 1 15 17 12 10 2 
0 0 2 7 4 3 1 5 
0 0 0 6 0 0 0 0 
0 0 1 6 3 0 1 0 
0 0 0 5 1 1 2 0 
1 0 1 6 2 2 36 1 
1 1 1 50 3 22 1 1 
0 0 4 0 15 2 6 3 
1 0 0 4 3 1 2 2 
3 0 0 0 1 2 11 0 
0 0 0 2 2 0 2 1 
0 0 1 3 0 1 0 1 
0 2 0 3 1 1 2 0 
0 0 0 12 1 0 0 0 
0 0 2 3 1 0 1 0 
0 1 0 1 9 1 3 2 
0 0 0 1 3 0 2 0 
2 1 4 49 4 4 5 0 
2 1 1 9 8 7 5 1 
0 0 0 7 7 2 1 0 
1 0 0 0 1 0 3 0 
0 1 1 5 0 2 1 0 
0 0 1 15 6 7 27 4 
0 0 1 19 2 4 0 0 
0 0 0 3 3 1 3 0 
0 0 0 8 0 3 3 0 
0 0 0 0 1 0 3 2 
0 0 0 7 0 1 6 1 
2 0 7 16 11 4 15 5 
0 0 0 1 1 0 4 2 
0 0 0 0 2 0 5 0 
0 0 0 2 1 0 3 0 
0 0 3 0 2 1 0 0 
0 0 1 7 7 2 6 5 
3 1 0 2 2 2 15 0 
1 0 0 10 2 3 1 1 
0 0 0 7 0 0 9 0 
0 1 0 3 5 0 1 0 
0 0 1 2 3 0 0 1 
4 1 0 4 18 3 0 0 
0 0 0 14 4 0 1 2 
0 0 0 4 4 4 4 0 
1 1 0 1 5 0 2 0 
0 0 1 12 3 5 10 1 
22 0 0 0 0 0 1 0 
0 0 0 12 8 3 3 2 
0 0 0 4 1 1 1 2 
2 0 0 8 0 1 2 0 
1 0 2 0 0 1 3 0 
1 1 0 0 2 0 1 0 
3 0 1 1 0 0 6 1 
0 0 0 1 1 1 1 2 
0 0 0 8 3 0 0 0 
0 0 1 2 1 1 2 0 
0 0 0 2 0 0 3 0 
1 1 1 6 10 0 13 4 
0 0 2 32 16 9 1 1 
0 1 2 13 8 4 3 1 
0 0 0 3 2 1 0 1 
1 0 0 1 2 0 0 1 
2 0 0 2 2 1 1 1 
0 0 2 2 5 0 2 0 
0 0 2 6 7 0 5 0 
0 0 0 2 1 0 2 0 
0 0 0 8 4 4 0 0 
0 0 0 1 3 1 0 0 
1 0 3 4 4 0 0 1 
0 0 2 9 1 1 1 1 
1 0 0 0 1 0 2 1 
1 0 1 1 0 0 2 1 
1 0 3 3 0 1 0 0 
1 0 1 4 6 0 29 1 
0 0 2 3 2 0 3 0 
0 0 0 2 3 1 1 0 
0 0 2 2 2 0 0 1 
1 0 0 1 4 1 0 0 
0 0 1 1 0 1 2 0 
0 0 0 1 6 0 0 1 
0 1 0 13 5 4 0 0 
0 0 2 4 1 1 0 0 
1 2 1 15 6 8 4 2 
0 0 1 4 0 0 0 0 
0 0 0 7 0 2 0 0 
2 0 1 2 2 0 7 1 
0 0 2 1 5 0 10 2 
0 1 1 15 7 9 0 0 
0 0 0 4 0 2 0 0 
0 2 0 12 0 6 0 0 
1 0 2 12 19 1 3 0 
0 0 3 3 0 2 0 1 
0 0 0 11 0 0 2 0 
0 0 2 6 2 0 2 0 
0 0 0 2 2 0 4 1 
0 0 0 2 1 1 1 0 
0 0 0 5 1 1 1 0 
2 0 4 26 22 8 16 3 
0 0 0 2 5 0 0 0 
0 0 1 9 0 1 0 0 
2 0 2 4 11 3 13 2 
0 0 0 12 1 1 0 0 
0 0 1 3 2 3 0 1 
0 0 1 5 0 1 1 0 
4 2 6 100 12 16 26 4 
0 0 0 0 1 0 3 1 
0 0 1 0 1 1 1 1 
0 0 0 11 3 1 0 0 
0 0 0 4 0 2 0 1 
0 0 0 5 1 1 0 2 
0 0 0 1 2 1 3 1 
2 0 0 1 1 0 3 0 
0 0 5 1 5 0 1 0 
2 0 1 10 11 3 3 0 
1 3 4 33 5 1 21 2 
0 0 3 0 3 0 1 0 
0 0 0 0 0 0 7 0 
1 1 0 12 1 1 4 0 
1 0 0 14 1 3 2 0 
1 0 15 6 16 1 3 4 
1 0 1 1 1 0 1 0 
0 1 1 1 2 10 5 0 
0 3 3 3 4 0 4 2 
0 0 0 1 1 0 3 1 
0 0 1 0 1 0 3 0 
2 0 2 2 0 3 15 3 
0 0 0 0 1 1 3 0 
1 0 0 2 0 1 0 1 
2 1 6 2 1 4 0 3 
0 0 2 1 2 0 0 1 
0 1 2 3 0 4 1 2 
0 0 0 2 0 1 4 0 
0 0 0 2 4 0 2 0 
1 0 1 15 0 0 0 0 
0 0 3 1 6 1 2 0 
0 0 1 0 1 1 3 1 
0 0 2 21 9 10 9 3 
0 0 0 9 3 2 3 0 
0 0 1 2 1 0 1 0 
1 0 2 11 9 7 3 2 
0 0 0 1 3 0 1 0 
0 0 0 1 3 1 0 3 
0 0 0 4 0 0 0 1 
0 0 0 1 1 2 5 1 
0 0 0 1 0 0 2 0 
1 0 2 6 0 0 3 0 
29 2 40 43 65 9 53 15 
0 0 0 1 3 1 1 0 
0 0 2 13 7 1 1 0 
2 4 17 57 12 9 15 6 
1 0 0 5 2 1 0 0 
1 0 0 3 0 1 0 0 
1 0 0 7 2 6 7 0 
0 0 2 3 0 0 0 0 
1 0 0 4 4 1 2 2 
0 0 0 2 0 2 0 1 
0 0 0 4 0 1 0 0 
0 0 3 13 12 1 15 1 
0 0 5 14 24 2 4 1 
0 0 1 3 7 0 1 0 
0 0 1 12 6 5 1 2 
0 0 1 1 4 0 1 0 
0 0 0 4 8 0 1 0 
4 0 5 1 0 0 15 2 
0 0 1 2 0 0 2 0 
0 0 0 4 7 1 0 1 
5 7 196 185 43 46 15 62 
1 0 0 42 5 3 10 2 
1 0 1 0 5 0 1 0 
0 0 1 0 0 0 4 0 
0 0 4 17 2 5 6 1 
0 0 0 1 4 0 1 2 
6 2 0 4 2 2 3 1 
3 0 4 0 2 2 4 1 
1 1 1 10 5 3 1 2 
1 0 0 2 1 1 0 0 
0 0 0 0 3 0 3 0 
0 0 0 9 4 0 1 0 
0 3 1 4 2 5 10 3 
1 1 1 3 3 3 3 2 
0 0 0 1 4 0 41 1 
21 1 8 6 11 3 11 0 
0 4 2 9 7 10 2 3 
0 0 1 24 1 8 2 2 
9 0 0 0 0 0 6 0 
0 0 1 2 3 1 0 0 
0 4 3 17 3 4 0 0 
0 0 0 3 0 2 0 0 
2 11 6 142 15 26 10 3 
0 0 2 0 2 0 3 0 
0 2 3 39 19 13 10 3 
0 0 0 5 1 0 0 0 
1 2 0 9 1 2 2 2 
1 0 0 10 0 0 0 0 
0 0 0 13 0 1 0 0 
0 0 0 4 2 0 1 2 
0 1 0 0 0 2 3 0 
0 0 1 2 3 0 1 0 
0 0 0 3 1 2 0 0 
1 1 4 8 17 1 3 0 
0 4 1 3 1 9 1 1 
4 0 0 0 0 0 2 0 
0 0 0 5 0 0 1 0 
5 1 3 239 11 2 48 4 
0 0 2 1 0 1 2 1 
0 0 0 8 8 3 3 2 
0 0 0 2 8 0 7 1 
0 0 0 6 1 0 1 0 
0 0 0 18 2 0 0 1 
0 0 1 3 2 0 4 1 
0 0 1 5 1 0 1 1 
0 0 0 11 3 0 6 1 
1 6 0 2 1 3 1 3 
3 1 0 13 1 2 0 0 
1 3 0 1 0 1 0 0 
0 0 1 11 1 0 0 1 
0 2 0 8 0 1 1 0 
2 0 5 248 25 5 13 5 
1 0 1 4 1 1 0 0 
1 3 1 43 3 6 0 2 
0 0 2 28 3 1 0 1 
6 2 3 4 4 4 1 2 
1 0 1 1 0 0 2 0 
0 1 1 1 0 0 2 1 
0 0 1 36 6 1 7 2 
0 0 1 10 0 1 1 0 
2 0 1 2 3 0 17 4 
0 0 0 10 1 1 0 1 
3 0 0 0 1 0 2 0 
0 2 0 3 5 2 0 0 
0 0 0 3 4 0 0 1 
2 1 1 3 1 0 1 1 
0 0 1 5 0 0 2 0 
0 0 0 5 0 0 0 0 
4 2 8 294 8 1 11 2 
2 3 4 10 5 7 1 4 
0 0 1 11 1 1 0 0 
3 2 3 3 12 4 32 6 
0 0 1 39 1 3 1 1 
0 0 0 1 0 0 4 0 
0 0 2 15 0 1 2 1 
0 0 2 5 1 1 6 3 
0 2 2 2 3 0 0 0 
0 0 1 5 6 2 2 1 
0 0 0 3 1 0 3 0 
0 0 1 1 1 0 2 0 
0 0 0 3 0 2 1 0 
0 2 30 67 41 13 12 15 
3 12 4 25 21 24 7 3 
1 0 2 0 4 1 0 1 
0 0 1 1 2 2 4 2 
0 1 5 10 2 0 1 2 
0 0 0 0 0 3 2 0 
0 1 0 1 2 0 5 1 
0 0 2 0 3 0 2 1 
0 0 1 3 2 1 11 2 
1 1 0 0 1 3 0 1 
0 0 1 31 1 1 4 0 
11 4 11 63 9 28 78 28 
0 0 0 0 1 0 4 1 
1 0 2 3 5 0 1 1 
0 0 0 2 2 0 1 0 
0 1 7 126 10 2 3 4 
0 0 0 7 1 0 2 3 
1 0 0 2 5 0 16 0 
1 0 0 0 2 0 5 0 
0 1 0 10 1 2 0 1 
0 0 1 8 1 1 2 1 
0 0 0 0 3 1 6 0 
0 0 3 2 0 1 1 1 
0 0 2 11 1 1 1 0 
0 0 0 1 3 1 4 2 
2 1 7 2 4 1 12 2 
0 0 1 5 0 0 4 1 
9 1 11 4 5 9 56 3 
1 0 0 3 9 1 8 0 
3 1 0 7 12 4 8 0 
0 0 0 1 1 1 2 0 
0 2 0 16 5 3 2 1 
0 0 0 3 6 2 7 0 
1 0 1 8 5 5 6 1 
9 0 0 1 4 2 2 0 
0 0 0 8 1 2 1 0 
5 3 8 9 16 9 74 10 
0 2 1 0 3 0 7 2 
1 0 1 1 1 0 6 1 
0 0 0 3 2 1 5 0 
0 0 3 17 7 1 4 0 
2 1 0 0 0 0 3 0 
1 2 3 2 1 6 2 1 
0 0 0 4 7 0 0 0 
0 1 2 26 2 3 4 4 
0 0 2 5 2 1 0 0 
0 0 1 8 2 0 2 0 
0 0 0 2 1 0 2 1 
0 0 1 7 2 0 3 0 
5 1 19 4 36 5 57 12 
6 1 20 27 26 47 30 12 
2 2 2 66 21 14 1 0 
0 0 0 2 3 1 1 0 
1 2 26 16 23 16 17 5 
0 0 1 17 7 3 1 0 
0 0 1 9 3 0 0 0 
2 0 1 2 0 2 2 2 
0 0 0 5 1 0 0 0 
0 0 0 7 2 0 0 2 
0 0 0 1 2 0 2 0 
1 0 0 0 1 1 3 0 
0 0 0 0 0 1 3 1 
1 0 2 11 4 2 40 4 
0 0 0 2 0 0 2 1 
0 0 1 3 6 0 8 1 
0 1 0 0 0 1 2 1 
0 0 0 3 0 2 4 0 
0 0 1 7 1 1 0 0 
0 0 1 13 1 1 1 0 
1 0 1 6 3 3 0 0 
0 0 2 2 1 0 0 0 
24 3 19 116 77 40 53 13 
0 0 0 3 1 0 2 1 
2 1 3 0 3 0 5 2 
1 2 0 0 1 0 1 1 
0 0 0 3 2 0 0 0 
0 0 5 4 3 0 5 2 
1 0 0 2 1 2 2 0 
3 4 0 5 7 2 24 4 
0 0 1 20 0 5 1 2 
2 3 9 268 9 36 18 3 
5 2 2 4 7 2 39 6 
3 0 1 2 3 0 24 2 
0 0 0 0 0 0 5 0 
0 0 5 2 3 1 1 0 
0 0 0 2 1 0 1 1 
0 0 0 0 0 1 6 0 
0 0 0 2 3 1 1 0 
0 0 0 9 1 3 2 0 
0 0 1 12 0 0 6 0 
0 0 2 6 0 0 0 0 
1 4 1 1 1 3 2 2 
1 1 2 4 4 1 10 0 
2 0 2 7 1 0 0 1 
0 0 1 2 1 0 2 1 
0 0 1 1 1 0 4 1 
1 0 0 0 1 0 1 2 
1 0 0 0 1 0 4 1 
0 1 6 60 47 2 1 5 
1 0 1 8 2 1 4 5 
0 0 0 5 0 0 0 0 
0 1 2 4 0 0 2 0 
1 0 0 9 1 3 3 1 
0 0 0 8 0 4 2 0 
0 0 0 6 2 1 2 1 
0 2 1 4 4 0 7 1 
1 1 0 0 0 1 2 0 
1 0 2 5 2 1 3 3 
0 1 1 0 0 3 0 2 
1 0 0 1 0 1 3 0 
3 2 3 7 12 2 21 5 
5 1 0 8 9 1 36 4 
0 0 0 4 1 4 1 1 
1 2 3 3 6 4 2 1 
3 0 0 4 17 1 4 3 
6 0 1 11 25 4 15 6 
0 0 3 8 9 1 4 0 
2 3 2 38 3 19 16 4 
1 0 0 0 1 1 2 0 
0 0 1 1 2 0 1 1 
2 0 0 0 0 0 3 0 
0 0 5 2 11 0 4 2 
1 0 3 2 3 0 5 0 
0 0 4 1 0 0 0 0 
3 9 2 22 6 7 17 2 
0 0 0 2 5 1 0 0 
1 0 0 4 3 4 10 0 
9 0 0 1 1 0 2 0 
1 0 0 3 1 0 4 2 
1 0 1 7 16 2 9 4 
0 0 0 1 0 1 2 1 
0 0 3 4 19 2 12 4 
8 0 0 0 2 1 1 1 
1 0 0 0 1 0 3 0 
0 0 1 0 1 1 2 0 
1 0 0 3 8 3 31 1 
2 2 7 14 9 2 25 6 
1 0 1 1 0 0 2 0 
0 0 0 5 8 0 0 0 
1 0 2 0 2 0 5 1 
1 0 1 1 2 0 3 1 
2 0 3 12 22 4 37 1 
3 0 1 7 2 5 4 1 
0 0 0 1 1 0 6 0 
2 0 0 2 0 1 5 0 
2 1 2 1 1 1 8 1 
1 0 1 1 0 0 3 0 
0 0 0 5 0 0 0 0 
0 0 1 5 5 1 5 1 
0 1 0 4 3 3 4 2 
0 0 1 2 2 0 0 0 
0 0 1 4 2 0 0 0 
4 0 1 3 1 5 12 0 
1 2 3 3 9 2 5 6 
0 0 0 1 1 0 3 1 
0 0 0 0 3 1 1 0 
4 0 1 0 6 0 3 2 
2 0 2 2 8 0 15 3 
2 0 3 16 16 6 1 2 
0 0 0 3 4 0 3 1 
0 0 0 16 0 1 0 1 
0 0 3 6 10 0 0 1 
0 0 0 12 9 0 6 1 
1 0 0 69 18 4 6 5 
0 0 7 13 2 5 2 2 
0 0 0 5 9 0 0 0 
0 0 0 2 1 0 1 1 
0 0 0 3 0 0 3 0 
7 0 0 3 3 3 1 0 
0 0 1 1 1 1 1 0 
1 0 0 2 7 1 4 1 
0 0 0 3 1 0 1 0 
6 3 13 118 17 6 11 9 
2 0 0 0 2 0 4 0 
0 0 2 1 12 0 2 1 
0 0 1 0 1 0 6 1 
0 0 0 3 0 0 0 0 
15 3 5 354 23 18 15 4 
0 0 1 3 0 0 4 1 
0 0 0 8 0 1 0 0 
1 0 5 13 2 3 17 5 
11 15 20 16 28 8 144 39 
0 0 0 45 2 3 3 0 
0 0 5 23 20 2 1 2 
0 0 0 4 0 0 2 0 
2 0 1 10 8 1 3 4 
1 1 0 1 0 0 3 1 
0 0 0 4 0 1 0 0 
0 0 2 7 1 0 0 2 
1 0 3 0 0 0 6 0 
2 1 1 2 0 2 2 3 
0 0 0 0 1 0 7 0 
0 0 2 13 3 0 0 1 
0 0 0 6 0 1 0 1 
1 0 3 3 0 3 2 3 
0 0 0 6 1 1 2 1 
19 7 6 10 3 3 8 4 
5 0 2 6 3 3 20 2 
1 2 0 2 4 7 31 5 
0 0 0 2 7 0 0 0 
0 0 0 1 0 0 7 0 
2 0 1 2 0 0 0 0 
3 0 3 9 7 0 7 2 
2 15 2 0 0 0 27 4 
1 1 2 0 0 0 1 1 
1 0 1 76 6 1 6 1 
0 3 2 1 0 1 1 1 
1 1 2 2 4 0 4 0 
5 2 4 3 4 0 36 10 
1 1 1 0 1 4 6 1 
5 0 0 1 6 2 3 0 
4 0 0 10 15 3 7 0 
0 0 0 2 7 2 2 0 
0 1 0 0 0 0 3 3 
0 2 2 1 0 0 0 0 
0 0 0 1 0 1 4 2 
0 16 4 5 3 8 32 14 
0 0 0 9 2 0 0 1 
34 1 0 1 1 3 11 3 
0 0 0 4 1 0 0 0 
0 0 1 10 0 0 0 0 
1 11 3 3 6 6 24 8 
0 0 2 46 1 6 1 0 
1 0 6 131 21 15 8 4 
0 0 0 6 1 0 1 0 
0 0 0 8 0 0 0 0 
1 3 0 2 0 2 3 4 
1 1 6 2 5 5 4 3 
0 0 3 42 1 0 2 1 
0 0 0 5 0 0 0 0 
0 0 0 2 2 1 0 0 
0 0 0 17 4 1 1 2 
0 2 0 2 2 0 5 0 
0 0 2 4 1 0 9 0 
1 0 0 13 1 0 0 0 
0 1 0 0 2 2 4 2 
2 2 7 17 11 4 1 0 
2 1 10 21 14 2 3 2 
1 0 1 15 2 0 1 0 
0 0 3 8 1 2 4 0 
1 0 0 44 0 2 3 3 
14 9 47 180 58 34 57 6 
0 0 2 3 1 0 0 1 
0 0 0 8 0 0 0 0 
3 2 13 22 7 7 3 2 
5 0 4 16 2 4 4 0 
0 0 3 7 10 2 4 1 
7 1 1 143 5 9 6 5 
1 3 20 30 26 8 11 4 
4 0 5 40 9 7 74 3 
0 0 1 3 1 2 1 0 
1 0 1 5 1 0 4 0 
1 2 2 8 9 2 14 4 
0 2 1 0 1 12 3 3 
4 1 2 1 0 0 17 0 
1 1 4 15 15 2 2 1 
0 0 0 1 4 0 0 0 
0 0 0 3 5 1 4 0 
0 0 1 28 6 1 4 1 
0 0 0 6 5 0 1 1 
0 5 0 5 3 2 30 3 
0 0 0 3 1 0 0 1 
1 1 1 22 4 7 0 1 
0 1 0 3 0 1 0 0 
0 0 1 0 2 1 1 0 
0 1 0 2 1 1 1 1 
1 0 2 64 30 0 16 1 
1 0 1 0 0 0 3 0 
0 0 0 4 2 0 5 1 
2 7 4 149 13 16 10 3 
1 0 6 61 8 9 10 1 
0 1 1 1 0 3 0 0 
1 0 0 0 0 0 0 0 
1 2 1 24 7 4 2 5 
0 0 1 14 3 7 2 0 
0 0 0 4 2 0 0 0 
3 4 1 7 0 2 2 1 
0 0 3 5 2 2 10 4 
33 5 36 70 56 34 201 67 
1 3 4 8 5 8 2 2 
0 0 1 7 1 1 0 1 
0 1 0 5 0 0 1 0 
3 0 3 3 7 0 17 4 
0 2 1 102 6 4 4 2 
0 0 0 19 8 2 5 0 
1 0 2 33 13 0 26 0 
1 1 2 22 1 15 8 2 
2 0 0 3 7 2 0 1 
0 2 0 0 0 1 1 1 
5 1 12 358 38 13 28 7 
0 0 0 20 1 0 2 1 
0 0 0 20 1 6 0 0 
0 0 1 1 1 1 1 0 
3 0 8 185 89 10 13 7 
0 0 0 24 1 1 2 1 
0 2 2 6 0 2 2 2 
0 0 1 1 1 0 4 1 
3 0 1 4 1 0 0 0 
0 2 1 0 1 1 5 1 
1 0 0 3 0 0 1 1 
0 0 0 0 3 1 0 3 
0 0 0 0 1 3 3 0 
0 1 0 19 0 0 1 1 
0 0 0 3 1 0 1 0 
0 0 0 10 1 1 3 0 
0 0 0 1 2 0 2 0 
0 0 0 2 4 0 0 0 
1 0 3 6 2 2 2 0 
0 0 1 0 2 0 3 0 
0 0 3 3 13 1 13 0 
2 1 1 4 0 0 22 0 
3 2 1 5 2 3 35 2 
0 0 2 0 1 0 7 0 
0 0 1 47 14 1 15 1 
0 8 3 109 8 16 15 4 
0 0 1 66 4 3 4 2 
0 0 0 11 1 1 0 0 
0 0 0 12 7 1 2 0 
0 0 3 5 7 6 2 0 
0 2 2 6 5 0 2 1 
0 0 0 2 1 2 0 2 
0 0 0 4 2 0 0 0 
0 0 1 12 2 0 1 1 
0 0 0 9 2 4 3 1 
0 0 0 0 4 1 2 0 
3 6 1 4 0 4 1 1 
0 0 1 6 0 0 0 0 
0 0 0 5 2 0 1 0 
0 0 0 12 0 0 1 1 
0 0 0 11 1 0 1 0 
1 0 0 5 4 0 0 0 
0 0 0 3 0 0 1 1 
4 6 4 65 14 7 6 3 
1 0 1 4 0 2 0 1 
1 0 0 3 1 0 0 1 
0 3 1 7 8 6 4 0 
2 3 1 6 11 3 23 1 
4 2 4 66 16 7 24 2 
0 1 1 3 1 0 0 0 
0 0 0 4 1 1 1 0 
0 0 0 6 3 0 1 0 
1 2 3 50 16 2 3 3 
14 27 21 307 68 46 147 32 
0 0 1 13 6 0 0 0 
1 0 2 8 3 3 2 2 
1 0 0 17 1 2 0 0 
0 0 4 16 11 2 0 1 
0 0 0 2 1 0 7 1 
0 1 0 6 2 0 0 0 
0 0 0 1 2 0 2 0 
4 0 4 3 2 0 30 0 
0 1 0 5 0 0 1 0 
3 68 8 34 10 13 28 21 
0 0 0 4 2 0 3 0 
0 1 0 1 0 0 3 0 
0 0 0 4 0 0 0 1 
0 0 1 27 5 0 0 0 
1 12 9 43 14 11 54 8 
0 0 2 10 1 0 0 1 
0 0 2 1 4 1 3 3 
4 2 7 42 7 10 59 7 
0 0 0 3 0 0 4 0 
1 0 1 4 5 1 5 0 
0 0 4 67 14 9 2 4 
0 1 1 7 8 2 1 0 
0 0 1 3 4 1 3 1 
0 1 1 1 0 1 3 1 
0 0 1 8 3 1 3 0 
0 0 1 4 0 0 0 0 
0 0 0 1 1 2 3 0 
1 0 1 1 11 0 3 0 
0 0 0 4 0 0 1 0 
0 0 0 7 6 2 4 0 
0 0 1 0 2 0 2 0 
0 0 5 3 4 0 0 2 
0 0 1 0 2 1 2 0 
0 0 0 3 0 2 0 1 
1 0 0 4 2 0 2 0 
1 0 0 4 0 1 3 1 
2 0 10 4 35 1 16 2 
0 0 0 4 1 0 0 0 
0 0 1 6 2 2 2 0 
0 0 0 11 1 2 4 0 
16 0 7 2 9 1 8 0 
1 0 3 28 18 9 7 4 
1 1 2 3 3 5 9 1 
0 2 4 2 4 1 23 2 
1 1 4 88 11 10 3 0 
1 1 3 11 8 3 2 2 
0 0 1 1 1 0 1 1 
1 0 0 6 2 0 0 0 
0 0 5 4 10 0 3 3 
4 2 3 39 6 9 17 1 
4 2 4 131 4 32 3 11 
0 2 2 6 0 0 0 1 
3 0 1 1 1 0 9 2 
3 0 14 65 6 21 8 17 
0 0 1 5 1 0 0 0 
0 0 9 9 7 0 1 0 
0 0 0 25 0 0 0 0 
0 0 0 15 2 3 0 0 
1 1 1 35 8 5 2 0 
1 0 0 4 0 0 0 0 
0 0 0 2 1 0 1 2 
0 0 0 26 0 0 0 2 
1 0 0 1 2 0 4 0 
2 0 0 1 2 0 4 0 
1 0 0 4 11 1 3 1 
9 0 0 1 0 0 10 1 
0 0 0 3 1 0 1 1 
1 0 1 8 18 0 3 3 
0 2 0 57 3 0 0 0 
5 1 6 13 34 9 18 4 
2 0 1 2 2 0 0 1 
0 0 2 81 0 4 2 5 
1 4 1 1 4 0 1 2 
0 0 0 8 0 0 0 0 
4 0 2 28 18 4 20 5 
0 0 1 5 4 0 3 4 
6 2 21 21 28 3 43 10 
0 0 0 5 0 1 0 0 
0 0 0 18 9 2 1 1 
4 1 9 392 26 16 6 4 
1 6 0 26 1 18 0 2 
0 1 1 4 0 3 2 0 
1 3 1 24 4 5 4 0 
2 0 1 3 5 0 4 2 
0 11 0 13 1 23 1 2 
2 0 2 7 2 0 4 0 
2 1 16 41 55 11 7 4 
0 0 0 2 3 0 0 0 
1 1 4 3 5 2 0 0 
0 0 0 4 0 0 1 0 
0 0 0 8 0 1 0 0 
0 0 1 8 6 1 1 2 
1 0 4 16 7 6 11 7 
2 5 18 844 60 24 20 12 
7 1 9 985 17 70 16 9 
0 0 3 14 6 4 4 3 
1 0 1 13 3 0 4 1 
0 0 0 0 2 0 2 1 
0 0 0 0 3 0 4 0 
0 1 0 4 0 0 0 0 
0 0 0 3 1 2 0 0 
2 0 5 8 22 0 20 2 
2 0 0 1 0 0 14 0 
0 0 1 15 6 2 3 2 
1 1 3 24 4 0 4 2 
35 0 39 63 198 32 163 26 
0 0 0 2 0 2 2 1 
0 0 0 4 1 1 0 0 
0 2 1 10 3 3 13 3 
2 1 3 2 6 1 9 3 
0 1 1 15 0 4 1 2 
4 0 0 1 0 0 4 0 
1 0 2 1 0 0 3 0 
2 1 4 21 25 9 2 5 
2 0 0 2 0 0 1 0 
8 2 7 31 22 11 70 12 
0 0 1 11 7 1 3 3 
0 0 1 2 0 1 3 0 
1 1 1 6 0 1 3 1 
8 1 12 31 90 11 51 6 
0 0 2 1 1 4 0 2 
0 0 0 2 0 2 1 1 
0 0 1 3 11 0 2 1 
0 0 2 1 3 0 0 1 
0 0 2 6 13 3 10 2 
0 0 0 5 6 0 2 1 
1 0 0 2 0 1 0 1 
4 0 4 23 29 10 49 6 
0 1 0 3 3 2 1 0 
0 0 3 14 13 5 9 0 
0 1 1 3 1 7 1 0 
0 0 0 1 1 0 3 1 
13 0 1 2 2 8 11 3 
0 14 5 19 4 29 2 1 
0 0 5 18 24 2 2 1 
1 1 1 11 1 1 6 2 
1 1 2 7 8 1 0 0 
6 65 15 168 53 136 35 24 
1 4 1 4 2 1 0 1 
40 32 10 40 12 17 6 8 
0 0 0 7 0 1 1 0 
3 2 3 26 12 14 6 4 
0 2 1 1 0 3 1 0 
0 2 0 21 6 19 7 0 
0 0 0 5 0 1 0 0 
0 0 0 4 1 2 1 0 
9 0 1 3 2 2 17 1 
1 1 1 6 3 1 4 0 
0 1 0 5 1 2 0 0 
0 0 0 2 0 0 5 0 
4 0 2 9 1 2 7 0 
2 0 1 21 21 8 13 6 
0 0 0 0 1 3 3 1 
2 38 9 121 28 74 22 6 
1 2 1 12 10 3 2 0 
5 1 20 64 89 16 43 12 
0 0 1 8 4 6 5 2 
1 1 5 0 25 1 13 2 
1 2 1 10 10 1 2 2 
1 5 3 6 7 10 2 3 
0 1 0 3 3 2 0 0 
6 8 2 18 10 14 9 2 
0 0 2 2 4 2 1 0 
1 7 7 138 66 13 8 7 
0 0 0 1 2 1 3 0 
0 0 0 3 3 1 0 0 
0 1 1 8 0 1 1 0 
0 1 1 7 1 1 0 0 
12 1 2 36 20 14 9 7 
0 0 0 6 0 0 1 0 
2 0 0 4 6 4 7 0 
0 0 1 12 2 1 0 0 
0 0 0 0 0 1 3 1 
0 0 0 5 2 0 2 0 
0 1 3 9 34 2 7 3 
0 0 1 1 1 0 6 1 
1 0 0 1 1 2 1 0 
0 0 2 3 3 4 14 0 
0 0 6 35 16 4 6 4 
0 0 1 0 0 1 2 0 
0 0 2 20 2 3 4 2 
0 0 0 7 3 1 1 0 
0 2 1 7 1 6 15 0 
2 0 12 5 31 2 13 5 
0 0 0 12 1 1 1 0 
0 0 0 0 0 1 3 1 
0 0 0 20 8 2 0 0 
0 2 7 65 39 15 4 2 
0 0 0 5 2 1 0 0 
0 0 0 11 0 1 0 1 
0 1 3 8 4 0 0 0 
0 0 3 25 9 2 3 0 
0 1 0 13 2 1 6 0 
0 1 1 99 4 1 5 0 
3 2 2 10 6 4 8 5 
0 0 1 33 4 3 0 0 
1 1 0 1 0 1 2 1 
0 4 3 40 19 6 6 4 
0 0 1 10 4 1 0 0 
0 0 1 9 0 0 0 0 
0 0 1 2 1 0 1 0 
1 0 2 3 1 0 1 0 
0 0 0 3 1 1 0 0 
0 0 0 9 4 0 0 1 
2 2 0 22 3 5 5 0 
0 1 0 0 0 1 4 1 
0 0 0 4 3 2 5 2 
0 0 0 19 3 1 3 1 
0 0 1 16 0 1 1 0 
0 0 1 3 1 0 1 0 
0 0 3 3 3 0 0 0 
0 1 2 31 7 1 13 1 
0 0 2 79 3 5 0 0 
0 0 0 12 2 0 0 1 
8 2 10 25 52 7 35 8 
4 6 27 920 152 68 12 14 
0 0 1 137 5 3 1 1 
0 1 2 24 3 1 1 1 
1 0 1 7 3 2 7 1 
0 0 1 7 1 0 0 0 
0 0 1 4 0 0 0 2 
0 0 0 4 0 0 1 0 
0 0 0 0 0 0 7 0 
0 1 2 32 1 3 2 0 
3 1 4 10 8 0 10 5 
0 0 0 3 2 0 4 0 
0 0 0 4 2 1 1 4 
0 0 2 0 0 0 6 1 
0 1 0 1 1 4 8 0 
2 0 9 61 52 4 0 1 
0 1 2 7 4 2 2 1 
1 0 3 1 3 1 18 2 
2 0 2 131 4 6 6 0 
1 0 0 9 1 0 0 0 
1 0 2 4 9 1 0 0 
0 0 1 4 1 1 0 1 
1 0 0 0 4 0 1 0 
2 0 0 0 1 2 5 2 
0 0 2 13 6 2 1 0 
0 0 0 5 0 0 0 0 
0 1 7 18 18 2 0 0 
0 0 0 3 1 0 0 1 
7 42 27 58 52 69 311 47 
0 0 0 2 5 2 1 0 
1 0 2 4 8 0 6 0 
3 0 1 0 0 0 41 2 
2 0 2 57 4 5 3 0 
1 0 0 3 1 0 0 0 
1 0 5 153 10 7 11 6 
0 0 0 31 1 3 0 0 
0 0 1 0 1 0 8 0 
0 0 3 4 1 0 2 1 
0 0 0 2 0 1 0 2 
0 0 0 8 1 0 0 0 
0 1 1 18 5 4 0 0 
1 0 1 81 16 4 1 5 
0 1 1 32 3 3 5 1 
1 2 2 49 13 1 1 1 
1 0 0 9 1 3 6 0 
0 0 0 1 0 1 2 1 
1 0 1 41 4 2 2 1 
0 0 3 0 0 0 4 0 
1 2 5 10 4 2 3 3 
0 2 2 55 1 6 2 0 
0 1 0 6 5 4 0 1 
0 0 0 0 2 0 8 0 
1 0 0 14 0 2 0 1 
0 1 0 7 1 2 4 0 
0 0 1 5 1 0 1 0 
0 0 0 5 0 0 1 1 
0 0 0 6 0 0 0 0 
0 2 0 38 2 3 2 0 
1 0 0 17 1 4 4 0 
2 11 2 74 11 17 52 6 
0 0 1 9 0 0 1 1 
0 0 0 1 2 1 0 2 
0 0 1 15 1 0 0 0 
1 1 1 4 0 0 2 0 
0 0 0 10 0 0 0 1 
1 0 0 17 0 5 3 1 
5 1 5 1 8 0 15 2 
0 0 0 0 3 1 18 2 
0 0 0 2 0 1 12 1 
0 1 0 6 1 3 3 1 
0 0 0 38 0 0 2 0 
2 1 2 2 3 0 0 2 
0 0 1 3 4 1 3 0 
0 0 3 31 11 2 2 3 
0 0 0 11 4 0 0 1 
0 0 0 7 1 2 4 2 
0 0 0 32 0 1 2 1 
0 0 0 16 1 5 5 0 
0 0 2 40 4 2 8 1 
0 0 2 3 2 1 3 1 
1 0 1 1 0 1 0 1 
0 0 1 5 0 1 0 0 
0 0 0 30 1 2 1 3 
0 0 0 24 7 0 0 1 
1 0 1 10 9 2 7 2 
0 0 0 7 3 1 3 0 
0 0 0 1 3 2 1 0 
0 0 3 9 0 2 1 1 
0 0 0 5 0 1 1 2 
1 0 1 4 1 0 0 1 
0 0 0 0 3 2 3 0 
0 0 1 15 7 2 0 0 
0 0 0 4 4 2 2 0 
0 0 0 2 2 3 0 0 
0 0 0 2 2 1 3 1 
0 0 1 1 0 3 0 0 
1 1 0 2 3 1 0 0 
0 0 1 5 2 1 1 0 
0 0 2 1 3 1 8 2 
0 1 0 0 0 1 3 0 
2 2 2 4 5 0 18 1 
0 0 0 3 4 0 0 0 
0 0 1 4 0 1 0 0 
0 0 1 5 2 1 3 0 
0 0 1 1 18 0 6 2 
0 2 0 3 2 0 12 0 
2 1 0 3 5 0 0 1 
2 1 0 8 3 1 3 1 
0 0 0 2 1 1 1 0 
0 0 0 10 0 0 2 1 
0 1 0 1 1 4 0 0 
0 0 2 0 1 0 0 2 
0 0 0 0 7 1 0 0 
0 0 0 0 4 0 3 0 
1 0 2 4 4 1 4 0 
2 0 1 0 0 0 0 2 
1 0 0 3 3 1 4 2 
2 0 1 5 3 2 0 0 
0 0 0 7 5 0 3 0 
1 5 3 10 3 6 3 3 
0 0 0 4 0 1 1 0 
0 0 0 6 4 0 0 2 
0 0 0 12 0 0 1 0 
0 0 0 17 0 1 1 0 
0 0 1 2 2 0 2 0 
0 0 0 2 2 0 2 0 
2 1 10 50 20 18 18 8 
2 0 0 9 3 6 3 0 
1 0 0 9 0 1 2 0 
1 0 1 0 3 0 3 1 
2 2 0 1 4 0 1 0 
0 1 0 24 3 3 0 0 
0 0 2 1 3 2 0 0 
1 0 0 6 1 0 0 1 
0 0 1 4 2 0 0 0 
0 0 1 1 3 0 0 0 
0 0 0 5 1 0 0 0 
0 3 4 2 1 3 5 1 
1 0 1 22 2 3 2 0 
0 0 0 9 2 0 0 1 
1 2 4 4 4 0 31 3 
0 0 0 2 0 2 1 0 
0 0 0 6 2 0 0 0 
0 0 0 1 2 2 0 0 
0 0 0 9 0 0 0 0 
0 1 1 40 3 7 1 1 
0 3 0 0 1 1 1 0 
1 0 1 1 1 0 15 1 
0 0 0 3 0 1 1 0 
0 0 1 2 1 0 6 3 
1 0 3 8 3 0 1 2 
0 0 2 2 1 0 2 0 
1 0 6 36 9 10 25 2 
0 0 0 3 1 1 1 0 
0 0 0 6 0 1 0 0 
3 0 2 0 1 0 15 3 
0 0 0 4 1 0 1 0 
0 1 0 4 0 2 0 1 
0 0 0 3 2 0 1 0 
1 0 1 0 4 1 2 0 
0 0 2 22 9 1 0 0 
0 0 0 1 3 1 1 0 
2 0 3 1 5 1 12 2 
0 2 0 2 1 2 25 0 
0 1 0 0 1 0 10 0 
1 0 0 3 1 0 1 0 
0 0 0 1 8 0 0 0 
0 0 2 23 2 3 1 0 
0 1 3 10 6 1 19 2 
1 0 2 63 23 4 7 2 
0 0 1 4 0 1 0 1 
1 1 1 1 3 0 11 1 
1 0 1 7 1 2 8 3 
0 0 1 0 5 0 4 1 
4 3 17 50 31 33 12 19 
0 0 1 0 2 0 5 0 
0 0 1 4 2 1 7 2 
1 9 10 23 20 12 61 5 
1 0 1 8 9 0 3 0 
2 0 4 32 10 1 20 9 
1 0 0 0 5 0 0 1 
0 0 1 2 0 1 1 2 
0 0 1 16 24 1 4 1 
0 0 0 20 2 5 3 2 
0 1 0 4 2 0 0 0 
0 0 0 5 3 1 4 2 
0 0 0 1 0 0 4 0 
1 1 0 2 1 1 4 0 
0 0 0 8 0 0 1 0 
4 4 11 235 14 8 7 13 
0 0 2 1 0 0 5 1 
1 2 0 14 2 1 2 2 
0 0 0 7 3 2 0 0 
3 1 1 5 0 2 5 9 
0 0 1 27 6 4 3 1 
0 0 0 14 0 1 0 0 
0 0 0 5 0 1 1 0 
0 0 1 1 6 0 1 0 
0 0 0 15 8 1 3 0 
0 1 0 2 2 0 0 1 
0 0 1 2 0 0 2 1 
0 0 2 7 1 0 0 0 
0 0 0 4 3 0 0 0 
2 0 1 2 3 1 2 4 
2 1 3 8 7 3 4 2 
3 2 15 71 43 29 35 15 
0 0 0 5 1 0 4 2 
1 0 1 0 0 0 4 0 
1 0 1 9 7 2 0 1 
0 0 2 8 5 0 3 1 
0 0 1 7 6 1 6 0 
0 0 2 2 1 0 8 1 
0 0 0 0 4 0 1 1 
1 1 1 2 1 0 2 1 
1 0 1 26 6 0 0 1 
0 0 0 4 3 2 1 0 
0 1 1 2 0 0 6 2 
1 1 0 31 0 0 0 0 
0 0 0 1 2 0 3 0 
0 0 0 4 1 0 0 1 
0 0 3 52 3 7 0 2 
0 0 1 5 4 2 5 1 
0 0 0 1 7 0 1 0 
0 0 0 8 1 0 1 0 
0 0 1 2 0 0 2 3 
0 0 0 3 2 0 0 1 
3 4 19 208 68 18 35 7 
2 0 4 4 5 2 12 5 
1 0 0 12 3 2 4 0 
1 3 1 2 0 1 17 0 
0 0 1 3 1 0 3 0 
0 0 0 10 0 0 0 0 
0 0 0 8 0 1 2 0 
2 1 4 6 8 4 23 4 
0 2 0 2 3 3 13 0 
3 0 1 1 17 1 30 2 
2 1 2 0 4 0 8 0 
1 0 0 49 9 7 3 0 
0 0 0 30 1 6 0 0 
1 0 0 2 1 1 0 0 
2 0 1 49 7 13 11 2 
1 1 1 3 1 2 5 2 
1 0 0 9 1 0 0 0 
0 0 0 3 4 0 0 0 
0 0 0 3 2 0 0 0 
0 0 3 1 0 0 3 1 
0 0 2 4 0 1 1 0 
0 0 0 7 1 0 0 1 
0 0 2 0 1 0 4 0 
0 0 1 1 0 2 0 0 
0 0 0 2 3 0 0 0 
22 5 48 514 116 47 70 28 
0 0 1 2 4 2 2 1 
0 0 0 4 0 0 0 1 
3 1 2 3 0 0 7 0 
0 0 0 27 3 4 1 0 
0 0 0 22 5 5 0 0 
1 6 1 2 5 9 2 2 
0 0 0 3 2 4 3 0 
0 0 1 2 0 0 2 0 
0 0 0 0 3 0 5 1 
1 0 0 8 9 6 0 0 
1 1 0 18 5 3 4 0 
1 1 4 11 11 10 6 1 
0 1 3 45 46 5 9 2 
0 1 0 2 2 0 0 0 
1 0 1 26 0 0 0 0 
0 0 3 2 4 1 5 2 
0 2 4 124 16 12 33 6 
3 0 2 140 4 22 3 0 
2 3 5 13 12 9 5 9 
2 0 0 1 2 1 9 2 
0 0 1 10 1 3 5 0 
0 0 1 4 13 0 3 1 
0 0 1 3 0 3 1 0 
0 0 0 10 1 1 0 1 
0 0 0 18 0 0 0 0 
3 0 0 50 12 14 19 3 
1 0 0 5 0 3 7 0 
1 0 1 4 1 6 9 1 
0 0 4 4 17 0 5 0 
0 0 1 10 0 1 0 0 
0 0 1 1 4 0 2 0 
0 0 1 5 0 1 1 1 
0 0 2 25 45 3 0 0 
0 0 0 7 7 1 1 0 
1 0 0 1 0 1 3 0 
2 0 1 43 12 10 3 8 
1 0 1 5 1 0 0 1 
0 1 0 4 0 1 0 0 
2 3 3 0 7 3 8 1 
0 0 0 12 4 0 1 0 
0 0 0 3 2 1 2 0 
0 0 0 5 4 0 1 0 
0 0 1 2 0 0 2 2 
1 0 3 23 45 2 34 0 
0 0 1 9 3 0 0 0 
0 0 0 2 1 0 5 0 
0 0 2 22 5 0 0 0 
0 0 0 9 0 2 0 0 
0 0 0 5 0 0 0 0 
0 0 0 1 0 1 6 0 
2 1 2 39 3 2 1 2 
2 0 0 2 1 0 1 0 
0 0 1 1 2 0 1 0 
0 1 0 3 7 0 6 1 
1 0 2 6 5 4 6 0 
2 0 0 4 0 0 1 0 
1 1 3 51 17 8 4 2 
0 0 0 1 3 2 2 4 
1 0 2 83 5 17 15 1 
0 0 0 17 1 0 2 0 
0 0 0 9 1 1 1 0 
0 0 3 23 8 5 1 1 
1 0 3 4 2 1 1 0 
2 1 5 26 47 9 14 5 
2 2 2 14 2 2 4 0 
1 0 0 0 2 0 6 1 
1 0 0 1 3 0 2 0 
9 2 5 11 3 3 39 7 
1 0 2 5 1 0 12 3 
0 0 0 6 1 0 0 0 
8 2 7 355 11 90 7 6 
1 0 0 16 4 5 0 1 
1 2 0 2 3 2 5 0 
0 0 1 3 7 0 2 0 
0 0 1 4 13 0 0 0 
2 0 0 1 0 1 3 0 
1 0 0 1 0 0 4 1 
1 0 0 1 1 0 1 1 
0 0 0 1 2 0 3 0 
1 0 0 3 1 2 7 0 
0 0 0 4 6 0 3 1 
0 0 3 1 4 3 1 0 
0 0 0 3 1 1 2 0 
0 0 0 3 1 2 1 1 
0 0 1 0 0 0 3 1 
0 0 1 0 6 0 1 0 
67 5 42 22 79 8 125 85 
0 1 1 20 1 0 0 0 
1 0 0 1 3 0 2 0 
0 0 0 1 6 1 0 0 
0 0 0 3 2 0 0 0 
0 0 0 5 1 2 0 0 
1 0 2 0 2 0 0 0 
0 1 0 15 0 4 0 1 
0 0 1 32 2 0 6 2 
0 0 0 27 1 4 5 0 
0 0 0 5 11 0 1 0 
2 0 0 4 0 1 0 0 
0 3 0 3 2 11 7 1 
0 0 0 31 6 0 1 1 
0 0 1 16 5 0 2 0 
8 2 6 9 11 4 11 6 
0 0 0 4 0 0 0 1 
0 0 0 2 2 0 1 1 
1 0 1 53 7 11 2 2 
0 0 5 3 11 0 0 0 
1 0 0 0 2 0 3 1 
1 0 1 36 3 9 0 1 
3 0 2 2 3 2 14 2 
0 1 2 23 2 1 4 0 
1 1 1 21 1 7 3 0 
0 3 4 104 10 8 3 1 
0 0 0 20 0 0 2 0 
0 0 1 24 0 5 1 1 
0 0 0 10 0 0 0 0 
0 0 0 0 8 0 0 0 
0 0 3 4 3 3 3 3 
0 1 1 8 3 2 2 0 
6 7 24 127 102 9 41 149 
8 4 5 18 30 2 48 3 
0 1 2 26 1 1 0 0 
0 0 0 5 3 0 0 1 
0 0 0 1 5 0 1 0 
2 0 1 41 17 1 0 2 
0 0 0 30 4 6 0 2 
0 0 0 10 25 3 2 0 
0 0 1 2 0 2 0 0 
0 0 1 6 0 1 2 1 
1 0 0 9 1 2 2 0 
0 0 0 5 0 2 0 0 
0 0 1 22 2 1 0 0 
0 0 0 8 0 1 0 0 
0 0 0 7 1 0 1 0 
0 0 3 2 0 2 7 3 
1 0 0 2 1 0 1 1 
0 1 0 2 0 3 0 0 
0 0 0 3 2 1 1 1 
1 3 0 0 3 0 1 0 
1 0 0 1 0 0 7 1 
1 0 0 2 1 1 0 0 
0 0 0 20 4 0 3 1 
0 0 1 7 9 1 1 0 
0 0 2 2 3 0 9 0 
0 0 0 2 10 0 1 1 
2 1 9 10 5 0 13 3 
0 0 0 6 6 0 0 0 
0 0 0 30 35 9 35 14 
0 0 0 14 0 3 0 0 
0 3 0 7 3 7 17 4 
0 0 0 12 0 2 0 0 
0 1 1 11 3 1 0 0 
0 0 0 2 2 3 2 0 
1 0 0 19 18 3 5 2 
0 0 0 16 4 1 11 0 
2 0 0 0 0 0 8 2 
2 3 0 12 4 2 3 1 
0 0 0 6 4 7 7 0 
11 6 22 158 143 39 7 11 
0 0 0 7 1 0 2 0 
6 6 36 241 35 33 25 18 
0 0 1 2 9 0 0 2 
5 5 9 78 84 31 10 12 
0 1 0 5 1 0 1 1 
0 0 0 6 2 0 1 0 
2 2 7 120 27 35 2 4 
0 0 0 2 1 2 0 0 
0 0 0 12 0 0 2 0 
1 0 0 21 1 0 0 0 
0 0 0 1 1 2 3 1 
0 0 1 1 0 2 3 1 
1 0 1 7 1 1 3 1 
0 3 0 6 4 0 0 1 
2 22 8 57 25 31 5 7 
0 0 0 4 2 1 1 1 
0 0 0 6 2 0 6 1 
0 0 0 5 3 0 0 0 
0 0 0 1 11 1 2 1 
1 0 0 8 10 1 8 2 
0 0 0 4 0 0 4 0 
0 0 0 9 0 0 1 2 
0 0 0 4 1 0 0 0 
7 18 19 447 28 70 14 31 
0 0 0 3 3 0 0 0 
0 0 2 3 3 2 3 0 
1 12 2 9 10 14 29 3 
0 1 0 6 1 2 2 0 
0 0 0 1 0 0 4 0 
0 0 0 9 0 2 1 0 
0 0 1 9 2 0 1 0 
1 0 0 3 1 2 2 0 
0 2 0 1 4 2 8 3 
0 0 0 3 0 1 0 1 
1 0 0 29 4 4 2 1 
0 0 0 1 3 1 2 0 
0 0 1 4 3 1 0 0 
5 3 7 338 23 26 8 7 
1 0 1 3 4 2 2 0 
1 0 1 9 5 2 14 2 
0 0 1 7 2 0 0 1 
0 0 0 6 3 0 0 0 
1 0 2 2 5 1 12 2 
1 0 2 19 18 0 0 1 
0 1 0 0 4 0 1 0 
1 0 0 0 3 1 0 0 
0 0 0 4 1 0 1 0 
0 0 0 7 1 0 0 0 
0 0 0 0 8 0 0 0 
0 1 1 6 6 1 1 1 
0 0 0 5 3 0 0 1 
6 9 12 37 26 35 22 13 
0 0 1 1 0 0 3 0 
1 0 0 6 0 0 4 0 
2 0 0 136 6 8 6 3 
1 0 1 30 2 2 0 0 
1 0 0 9 1 2 2 0 
6 15 21 1319 53 51 26 14 
3 0 1 1 0 0 4 1 
0 5 4 94 7 5 3 5 
0 3 16 181 20 15 4 11 
1 1 2 21 5 8 1 3 
0 0 0 5 2 0 0 0 
0 0 0 26 1 2 2 0 
1 2 0 3 1 1 0 1 
0 0 7 3 4 2 6 3 
0 1 2 32 1 1 2 1 
0 0 0 5 2 0 0 0 
0 0 2 8 2 2 2 1 
1 0 0 3 1 0 0 0 
0 0 0 1 1 1 2 0 
0 0 0 4 0 0 1 0 
0 0 0 18 1 0 3 0 
0 0 0 3 1 1 1 0 
0 0 1 7 0 0 0 0 
0 0 0 17 2 0 0 2 
0 0 1 4 7 0 2 0 
0 0 1 3 0 1 3 1 
2 0 5 2 8 2 1 5 
6 2 8 43 21 10 37 14 
2 0 2 5 0 0 1 0 
0 0 0 0 0 1 4 1 
0 0 2 5 5 1 2 0 
7 1 16 48 45 17 82 32 
2 4 18 67 17 20 16 17 
0 0 1 17 3 2 3 1 
0 1 0 15 0 1 8 1 
1 0 2 21 5 1 0 0 
1 0 0 5 0 0 1 1 
0 0 0 5 0 0 1 0 
77 16 60 8 69 10 67 39 
1 1 1 35 4 1 2 4 
0 0 0 5 8 1 0 0 
