1,0.14864864864864866,0.013513513513513514,0.40540540540540543,0.0,0.43243243243243246,0.0
2,0.0,0.0,0.0,0.7099236641221374,0.0,0.2900763358778626
3,0.08144796380090498,0.0,0.23529411764705882,0.2986425339366516,0.09049773755656108,0.29411764705882354
4,0.23157894736842105,0.1368421052631579,0.3298245614035088,0.0,0.3017543859649123,0.0
5,0.0,0.0,0.25252525252525254,0.26262626262626265,0.020202020202020204,0.46464646464646464
6,0.0,0.0,0.0,0.5483870967741935,0.0,0.45161290322580644
7,0.0,0.0,0.0,0.6339285714285714,0.0,0.36607142857142855
8,0.0,0.0,0.0,0.41818181818181815,0.0,0.5818181818181818
9,0.0,0.0,0.0,0.9594594594594594,0.0,0.04054054054054054
10,0.0,0.0,0.0,0.7176470588235294,0.2823529411764706,0.0
11,0.0,0.0,0.0,1.0,0.0,0.0
12,0.1794871794871795,0.0,0.2564102564102564,0.0,0.358974358974359,0.20512820512820512
13,0.0,0.0,0.0,0.9130434782608695,0.0,0.08695652173913043
14,0.0,0.0967741935483871,0.0,0.7096774193548387,0.0,0.1935483870967742
15,0.17073170731707318,0.12195121951219512,0.1016260162601626,0.09349593495934959,0.32926829268292684,0.18292682926829268
16,0.16363636363636364,0.05454545454545454,0.0,0.2727272727272727,0.45454545454545453,0.05454545454545454
17,0.0,0.0,0.025,0.1125,0.0875,0.775
18,0.1557377049180328,0.1557377049180328,0.1885245901639344,0.19672131147540983,0.21311475409836064,0.09016393442622951
19,0.0,0.0,0.0,1.0,0.0,0.0
20,0.0,0.037383177570093455,0.24299065420560748,0.48598130841121495,0.08411214953271028,0.14953271028037382
21,0.0,0.0,0.0,0.8571428571428571,0.0,0.14285714285714285
22,0.13333333333333333,0.12444444444444444,0.2222222222222222,0.21777777777777776,0.13777777777777778,0.16444444444444445
23,0.192090395480226,0.2937853107344633,0.2598870056497175,0.03389830508474576,0.22033898305084745,0.0
24,0.0,0.0,0.3269230769230769,0.3173076923076923,0.0,0.3557692307692308
25,0.23595505617977527,0.2247191011235955,0.21910112359550563,0.0,0.2303370786516854,0.0898876404494382
26,0.0,0.0,0.14893617021276595,0.44680851063829785,0.06914893617021277,0.3351063829787234
27,0.0,0.14035087719298245,0.40350877192982454,0.0,0.45614035087719296,0.0
28,0.11666666666666667,0.09166666666666666,0.058333333333333334,0.5583333333333333,0.175,0.0
29,0.1693548387096774,0.11290322580645161,0.0967741935483871,0.20161290322580644,0.0,0.41935483870967744
30,0.244,0.204,0.26,0.0,0.208,0.084
31,0.35294117647058826,0.17647058823529413,0.0,0.0,0.0,0.47058823529411764
32,0.0,0.0,0.0,0.75,0.0,0.25
33,0.0,0.0,0.0,0.5733333333333334,0.0,0.4266666666666667
34,0.10204081632653061,0.0,0.0,0.061224489795918366,0.10204081632653061,0.7346938775510204
35,0.0,0.0,0.0,1.0,0.0,0.0
36,0.16176470588235295,0.0,0.08823529411764706,0.0,0.14705882352941177,0.6029411764705882
37,0.30612244897959184,0.29931972789115646,0.0,0.09523809523809523,0.12244897959183673,0.17687074829931973
38,0.24074074074074073,0.13580246913580246,0.037037037037037035,0.0,0.41975308641975306,0.16666666666666666
39,0.18235294117647058,0.22941176470588234,0.3941176470588235,0.0,0.19411764705882353,0.0
40,0.2604166666666667,0.0,0.3333333333333333,0.0,0.3333333333333333,0.07291666666666667
41,0.0,0.2708333333333333,0.4791666666666667,0.0,0.1875,0.0625
42,0.0,0.0,0.0,0.0,0.6153846153846154,0.38461538461538464
44,0.04316546762589928,0.04316546762589928,0.23741007194244604,0.04316546762589928,0.6330935251798561,0.0
45,0.22660098522167488,0.1921182266009852,0.2019704433497537,0.0,0.3793103448275862,0.0
46,0.36585365853658536,0.0,0.12195121951219512,0.0,0.5121951219512195,0.0
47,0.2222222222222222,0.0,0.3137254901960784,0.0,0.46405228758169936,0.0
48,0.0,0.0,0.08196721311475409,0.5573770491803278,0.26229508196721313,0.09836065573770492
49,0.007936507936507936,0.03968253968253968,0.4365079365079365,0.0,0.3333333333333333,0.18253968253968253
50,0.0,0.0,0.11764705882352941,0.47058823529411764,0.4117647058823529,0.0
51,0.3644859813084112,0.2897196261682243,0.037383177570093455,0.0,0.308411214953271,0.0
52,0.2692307692307692,0.3076923076923077,0.2692307692307692,0.0,0.15384615384615385,0.0
53,0.15789473684210525,0.0,0.0,0.0,0.0,0.8421052631578947
54,0.0,0.0,0.0,0.9210526315789473,0.0,0.07894736842105263
55,0.0,0.0,0.11235955056179775,0.7078651685393258,0.1797752808988764,0.0
56,0.2033898305084746,0.0,0.3728813559322034,0.0,0.423728813559322,0.0
57,0.0,0.0,0.0,0.5,0.0,0.5
58,0.0,0.0,0.0,0.5714285714285714,0.0,0.42857142857142855
59,0.16216216216216217,0.0,0.16216216216216217,0.0,0.16216216216216217,0.5135135135135135
60,0.19473684210526315,0.04736842105263158,0.3,0.0,0.3473684210526316,0.11052631578947368
61,0.2967032967032967,0.25824175824175827,0.03296703296703297,0.0,0.3241758241758242,0.08791208791208792
62,0.2565789473684211,0.0,0.3684210526315789,0.0,0.375,0.0
63,0.2132701421800948,0.18009478672985782,0.35545023696682465,0.0,0.25118483412322273,0.0
64,0.0,0.0,0.04225352112676056,0.29577464788732394,0.0,0.6619718309859155
65,0.0,0.0,0.0,0.24324324324324326,0.43243243243243246,0.32432432432432434
66,0.0,0.0,0.0,0.8333333333333334,0.0,0.16666666666666666
67,0.0,0.0,0.09259259259259259,0.4444444444444444,0.0,0.46296296296296297
68,0.0,0.0,0.7010309278350515,0.0,0.23711340206185566,0.061855670103092786
69,0.03676470588235294,0.0,0.4411764705882353,0.0,0.5220588235294118,0.0
70,0.0,0.0625,0.0,0.125,0.0,0.8125
71,0.0,0.0,0.0,0.8125,0.0,0.1875
72,0.0,0.0,0.16981132075471697,0.2641509433962264,0.4528301886792453,0.11320754716981132
73,0.046153846153846156,0.0,0.24615384615384617,0.0,0.4,0.3076923076923077
74,0.09090909090909091,0.24242424242424243,0.030303030303030304,0.0,0.6363636363636364,0.0
75,0.0963855421686747,0.0,0.0,0.6506024096385542,0.25301204819277107,0.0
76,0.0,0.0,0.0,1.0,0.0,0.0
77,0.2641509433962264,0.2792452830188679,0.2641509433962264,0.0,0.19245283018867926,0.0
78,0.192,0.0,0.128,0.0,0.68,0.0
79,0.0,0.0,0.0,0.5405405405405406,0.0,0.4594594594594595
80,0.0,0.0,0.0,0.38461538461538464,0.0,0.6153846153846154
81,0.24880382775119617,0.3062200956937799,0.23923444976076555,0.0,0.20574162679425836,0.0
82,0.0,0.0,0.7209302325581395,0.0,0.27906976744186046,0.0
83,0.28125,0.0,0.25,0.046875,0.421875,0.0
84,0.0,0.0,0.0,1.0,0.0,0.0
85,0.31645569620253167,0.0,0.0,0.34177215189873417,0.34177215189873417,0.0
87,0.0,0.0,0.0,0.46875,0.0,0.53125
88,0.0,0.0,0.4583333333333333,0.0,0.17708333333333334,0.3645833333333333
89,0.08181818181818182,0.0,0.20909090909090908,0.0,0.6,0.10909090909090909
90,0.0,0.0,0.0,1.0,0.0,0.0
91,0.0,0.0,0.0,1.0,0.0,0.0
92,0.3006993006993007,0.27972027972027974,0.06993006993006994,0.0,0.34965034965034963,0.0
93,0.0,0.0,0.0,1.0,0.0,0.0
94,0.2857142857142857,0.16770186335403728,0.19254658385093168,0.0,0.32919254658385094,0.024844720496894408
95,0.0,0.0,0.0,0.8725490196078431,0.0,0.12745098039215685
96,0.17142857142857143,0.0,0.0,0.0,0.8285714285714286,0.0
97,0.09090909090909091,0.0,0.45454545454545453,0.0,0.45454545454545453,0.0
98,0.38202247191011235,0.02247191011235955,0.20224719101123595,0.20224719101123595,0.19101123595505617,0.0
99,0.0,0.0,0.16981132075471697,0.7169811320754716,0.0,0.11320754716981132
100,0.24509803921568626,0.23529411764705882,0.058823529411764705,0.20588235294117646,0.12745098039215685,0.12745098039215685
101,0.07692307692307693,0.0,0.6410256410256411,0.0,0.28205128205128205,0.0
102,0.29559748427672955,0.34591194968553457,0.0,0.1320754716981132,0.20754716981132076,0.018867924528301886
103,0.24017467248908297,0.2445414847161572,0.17467248908296942,0.0,0.23580786026200873,0.10480349344978165
104,0.0,0.0,0.0,0.8170731707317073,0.0,0.18292682926829268
105,0.0,0.0,0.0,0.7948717948717948,0.0,0.20512820512820512
106,0.0,0.044444444444444446,0.0,0.24444444444444444,0.06666666666666667,0.6444444444444445
107,0.0,0.0,0.033112582781456956,0.4966887417218543,0.09271523178807947,0.37748344370860926
108,0.0,0.0,0.43283582089552236,0.5671641791044776,0.0,0.0
109,0.0,0.0,0.0,1.0,0.0,0.0
110,0.3870967741935484,0.0967741935483871,0.16129032258064516,0.0,0.25806451612903225,0.0967741935483871
111,0.3333333333333333,0.0,0.0,0.0,0.0,0.6666666666666666
112,0.0,0.0,0.0,0.0,1.0,0.0
113,0.3333333333333333,0.23333333333333334,0.0,0.0,0.3333333333333333,0.1
114,0.0,0.0,0.868421052631579,0.0,0.13157894736842105,0.0
115,0.10638297872340426,0.2127659574468085,0.46808510638297873,0.0,0.2127659574468085,0.0
116,0.21705426356589147,0.23255813953488372,0.0,0.20930232558139536,0.34108527131782945,0.0
117,0.14545454545454545,0.14545454545454545,0.0,0.6545454545454545,0.05454545454545454,0.0
118,0.0,0.3333333333333333,0.0,0.6666666666666666,0.0,0.0
119,0.22857142857142856,0.20952380952380953,0.0,0.3238095238095238,0.23809523809523808,0.0
120,0.21951219512195122,0.43902439024390244,0.0,0.0,0.34146341463414637,0.0
122,0.0,0.0,0.0,0.7671232876712328,0.0,0.2328767123287671
123,0.11764705882352941,0.0,0.058823529411764705,0.0,0.11764705882352941,0.7058823529411765
124,0.14,0.13333333333333333,0.56,0.0,0.16666666666666666,0.0
125,0.06172839506172839,0.0,0.0,0.4691358024691358,0.4691358024691358,0.0
126,0.4122137404580153,0.2366412213740458,0.022900763358778626,0.0,0.3053435114503817,0.022900763358778626
127,0.26380368098159507,0.4049079754601227,0.10429447852760736,0.0,0.22699386503067484,0.0
128,0.26804123711340205,0.17010309278350516,0.29381443298969073,0.061855670103092786,0.20618556701030927,0.0
129,0.0,0.0,0.0,1.0,0.0,0.0
130,0.0,0.0,0.0,0.5272727272727272,0.0,0.4727272727272727
131,0.53125,0.125,0.0,0.0,0.0,0.34375
132,0.0,0.0,0.11764705882352941,0.8823529411764706,0.0,0.0
133,0.0,0.0,0.0,0.7777777777777778,0.0,0.2222222222222222
134,0.1523809523809524,0.0,0.3047619047619048,0.0,0.5428571428571428,0.0
135,0.25961538461538464,0.23076923076923078,0.32211538461538464,0.0,0.1875,0.0
136,0.2727272727272727,0.21717171717171718,0.21717171717171718,0.0,0.21717171717171718,0.07575757575757576
137,0.38125,0.2,0.14375,0.0,0.275,0.0
138,0.2868217054263566,0.2558139534883721,0.20155038759689922,0.0,0.2558139534883721,0.0
139,0.0,0.0,0.0,0.3125,0.34375,0.34375
140,0.0,0.0,0.0,0.6875,0.0,0.3125
141,0.3310810810810811,0.07432432432432433,0.30405405405405406,0.05405405405405406,0.23648648648648649,0.0
142,0.22807017543859648,0.18421052631578946,0.32894736842105265,0.0,0.25877192982456143,0.0
143,0.2863636363636364,0.20454545454545456,0.2636363636363636,0.0,0.24545454545454545,0.0
144,0.20816326530612245,0.2530612244897959,0.23265306122448978,0.0,0.23673469387755103,0.06938775510204082
145,0.0,0.0,0.0,0.8888888888888888,0.0,0.1111111111111111
146,0.10948905109489052,0.0,0.31386861313868614,0.0,0.49635036496350365,0.08029197080291971
147,0.23387096774193547,0.23387096774193547,0.2661290322580645,0.0,0.2661290322580645,0.0
148,0.1875,0.0,0.0,0.5208333333333334,0.2916666666666667,0.0
149,0.36363636363636365,0.0,0.0,0.2727272727272727,0.0,0.36363636363636365
150,0.0,0.0,0.0,0.32786885245901637,0.22950819672131148,0.4426229508196721
153,0.0,0.05970149253731343,0.0,0.5970149253731343,0.029850746268656716,0.31343283582089554
154,0.0,0.0,0.3472222222222222,0.1111111111111111,0.0,0.5416666666666666
155,0.21100917431192662,0.0,0.43119266055045874,0.0,0.3577981651376147,0.0
156,0.0,0.0,0.12790697674418605,0.046511627906976744,0.8255813953488372,0.0
158,0.21030042918454936,0.14163090128755365,0.19742489270386265,0.0,0.2875536480686695,0.1630901287553648
159,0.3259668508287293,0.2265193370165746,0.03314917127071823,0.0,0.3425414364640884,0.0718232044198895
160,0.07368421052631578,0.0,0.49473684210526314,0.0,0.29473684210526313,0.1368421052631579
161,0.0,0.0,0.36363636363636365,0.2727272727272727,0.36363636363636365,0.0
162,0.22602739726027396,0.22602739726027396,0.22602739726027396,0.0,0.2602739726027397,0.06164383561643835
163,0.0,0.0,0.0,0.4782608695652174,0.0,0.5217391304347826
164,0.0967741935483871,0.0,0.0,0.0,0.9032258064516129,0.0
165,0.2777777777777778,0.022222222222222223,0.07777777777777778,0.3333333333333333,0.0,0.28888888888888886
166,0.14606741573033707,0.02247191011235955,0.42696629213483145,0.0,0.4044943820224719,0.0
167,0.2809917355371901,0.14049586776859505,0.4049586776859504,0.0,0.0,0.17355371900826447
168,0.2254335260115607,0.2138728323699422,0.3236994219653179,0.0,0.2023121387283237,0.03468208092485549
169,0.23357664233576642,0.24087591240875914,0.29927007299270075,0.0,0.22627737226277372,0.0
170,0.29545454545454547,0.3409090909090909,0.0,0.045454545454545456,0.3181818181818182,0.0
171,0.0,0.0,0.0,0.8446601941747572,0.0,0.1553398058252427
172,0.17647058823529413,0.0,0.0855614973262032,0.0,0.48663101604278075,0.25133689839572193
173,0.12345679012345678,0.1111111111111111,0.2345679012345679,0.0,0.5308641975308642,0.0
174,0.0,0.0,0.0,1.0,0.0,0.0
175,0.0,0.0,0.0,1.0,0.0,0.0
176,0.0,0.0,0.0,0.5,0.0,0.5
177,0.0,0.0,0.08823529411764706,0.0,0.9117647058823529,0.0
178,0.19642857142857142,0.0,0.0,0.25,0.5535714285714286,0.0
179,0.0,0.0,0.0,0.631578947368421,0.0,0.3684210526315789
180,0.0,0.0,0.0,0.5677966101694916,0.0,0.4322033898305085
181,0.0,0.0,0.8958333333333334,0.0,0.10416666666666667,0.0
182,0.18137254901960784,0.1715686274509804,0.46568627450980393,0.0,0.18137254901960784,0.0
183,0.0,0.08,0.0,0.0,0.8,0.12
184,0.0,0.0,0.0,0.8125,0.0,0.1875
185,0.15300546448087432,0.02185792349726776,0.3333333333333333,0.0,0.15300546448087432,0.33879781420765026
186,0.17180616740088106,0.17180616740088106,0.27312775330396477,0.05286343612334802,0.2907488986784141,0.039647577092511016
187,0.20945945945945946,0.24324324324324326,0.0,0.1891891891891892,0.22297297297297297,0.13513513513513514
188,0.0,0.0,0.0,0.0,0.5,0.5
189,0.04285714285714286,0.04285714285714286,0.0,0.7714285714285715,0.0,0.14285714285714285
190,0.25,0.25,0.0,0.0,0.09615384615384616,0.40384615384615385
191,0.0,0.0,0.0,0.42105263157894735,0.0,0.5789473684210527
192,0.10810810810810811,0.5405405405405406,0.0,0.08108108108108109,0.0,0.2702702702702703
193,0.12,0.12,0.12,0.0,0.44,0.2
194,0.0,0.02702702702702703,0.0,0.33783783783783783,0.0,0.6351351351351351
195,0.04878048780487805,0.04878048780487805,0.2073170731707317,0.3902439024390244,0.0,0.3048780487804878
196,0.2645739910313901,0.11659192825112108,0.1210762331838565,0.0,0.3991031390134529,0.09865470852017937
197,0.21428571428571427,0.21428571428571427,0.0,0.10714285714285714,0.0,0.4642857142857143
198,0.24509803921568626,0.18627450980392157,0.30392156862745096,0.0,0.2647058823529412,0.0
199,0.15714285714285714,0.05,0.25,0.0,0.5428571428571428,0.0
200,0.19736842105263158,0.0,0.5592105263157895,0.0,0.24342105263157895,0.0
201,0.0,0.0,0.0,0.6818181818181818,0.0,0.3181818181818182
202,0.4838709677419355,0.5161290322580645,0.0,0.0,0.0,0.0
203,0.02531645569620253,0.0,0.17721518987341772,0.10126582278481013,0.6962025316455697,0.0
204,0.17261904761904762,0.16071428571428573,0.22023809523809523,0.0,0.43452380952380953,0.011904761904761904
205,0.0,0.0,0.0,0.0,0.9166666666666666,0.08333333333333333
206,0.2,0.0,0.0,0.0,0.3,0.5
207,0.0,0.0,0.4235294117647059,0.0,0.4588235294117647,0.11764705882352941
208,0.21904761904761905,0.2,0.26666666666666666,0.0,0.3142857142857143,0.0
209,0.7777777777777778,0.0,0.0,0.2222222222222222,0.0,0.0
210,0.0,0.0,0.0,0.6521739130434783,0.0,0.34782608695652173
211,0.15053763440860216,0.16666666666666666,0.3709677419354839,0.0,0.3118279569892473,0.0
212,0.0975609756097561,0.17073170731707318,0.0,0.0,0.6585365853658537,0.07317073170731707
213,0.35714285714285715,0.35714285714285715,0.0,0.2857142857142857,0.0,0.0
214,0.19402985074626866,0.04477611940298507,0.22388059701492538,0.04477611940298507,0.4925373134328358,0.0
215,0.176056338028169,0.18309859154929578,0.056338028169014086,0.0,0.5845070422535211,0.0
216,0.3225806451612903,0.38064516129032255,0.025806451612903226,0.0,0.2709677419354839,0.0
217,0.3508771929824561,0.23684210526315788,0.0,0.0,0.2894736842105263,0.12280701754385964
218,0.0,0.0,0.05,0.125,0.0,0.825
219,0.06930693069306931,0.2871287128712871,0.12871287128712872,0.0,0.32673267326732675,0.18811881188118812
220,0.0,0.0,0.27586206896551724,0.1724137931034483,0.0,0.5517241379310345
221,0.0,0.0,0.0,0.49019607843137253,0.0,0.5098039215686274
222,0.0,0.2564102564102564,0.0,0.5256410256410257,0.0,0.21794871794871795
223,0.0,0.0,0.0,0.8947368421052632,0.0,0.10526315789473684
224,0.0,0.0,0.0,1.0,0.0,0.0
225,0.0,0.0,0.0,0.0,0.0,1.0
226,0.0,0.0,0.0,0.0,0.0,1.0
228,0.2727272727272727,0.18181818181818182,0.0,0.10909090909090909,0.23636363636363636,0.2
229,0.07272727272727272,0.41818181818181815,0.0,0.0,0.509090909090909,0.0
230,0.1111111111111111,0.0,0.0,0.2222222222222222,0.48148148148148145,0.18518518518518517
231,0.04,0.33,0.26,0.0,0.37,0.0
232,0.029411764705882353,0.0,0.5490196078431373,0.0,0.4215686274509804,0.0
233,0.0,0.0,0.0,0.8285714285714286,0.0,0.17142857142857143
234,0.0,0.0,0.0,0.7213114754098361,0.0,0.2786885245901639
235,0.0,0.0,0.25806451612903225,0.0,0.5268817204301075,0.21505376344086022
236,0.0,0.0,0.0,0.8865979381443299,0.0,0.1134020618556701
237,0.0,0.0,0.0,0.6814159292035398,0.0,0.3185840707964602
238,0.0,0.0,0.0,0.6320754716981132,0.0,0.36792452830188677
239,0.0,0.0,0.0,0.9,0.0,0.1
240,0.2222222222222222,0.6481481481481481,0.0,0.07407407407407407,0.05555555555555555,0.0
241,0.0,0.0,0.0,0.8454545454545455,0.0,0.15454545454545454
242,0.7534246575342466,0.0,0.0,0.0,0.2054794520547945,0.0410958904109589
243,0.8333333333333334,0.0,0.0,0.0,0.0,0.16666666666666666
244,0.18309859154929578,0.0,0.14084507042253522,0.38028169014084506,0.29577464788732394,0.0
245,0.0,0.0,0.0,0.9,0.0,0.1
246,0.1721311475409836,0.0,0.21311475409836064,0.0,0.6147540983606558,0.0
247,0.24752475247524752,0.16336633663366337,0.21287128712871287,0.0,0.37623762376237624,0.0
248,0.0,0.0,0.0,0.0,0.0,1.0
249,0.1783783783783784,0.1783783783783784,0.22702702702702704,0.0,0.23783783783783785,0.1783783783783784
250,0.0,0.0,0.0,0.898989898989899,0.0,0.10101010101010101
251,0.0,0.0,0.0,0.6233766233766234,0.0,0.37662337662337664
252,0.19411764705882353,0.2529411764705882,0.3588235294117647,0.0,0.19411764705882353,0.0
253,0.0,0.5714285714285714,0.0,0.0,0.42857142857142855,0.0