Accuracy#0.015625: 0.191057
AP#0.015625: 0.233903
LAP#%f: 0.000395 -0.012337 0.034175 0.115561 0.065540 -0.042264 
Accuracy#0.031250: 0.235294
AP#0.031250: 0.259708
LAP#%f: 0.104959 0.043197 0.043242 0.121243 0.135587 0.027677 
Accuracy#0.062500: 0.260128
AP#0.062500: 0.266930
LAP#%f: 0.202848 0.062336 0.078259 0.153766 0.090274 0.095902 
Accuracy#0.125000: 0.340571
AP#0.125000: 0.354736
LAP#%f: 0.157813 0.080975 0.330835 0.198097 0.225981 0.166603 
Accuracy#0.250000: 0.398667
AP#0.250000: 0.386120
LAP#%f: 0.174343 0.059147 0.339748 0.245918 0.306058 0.239239 
Accuracy#0.500000: 0.422000
AP#0.500000: 0.371661
LAP#%f: 0.158430 -0.003338 0.413930 0.238018 0.299175 0.213241 
