Accuracy#0.015625: 0.370935
AP#0.015625: 0.322519
LAP#%f: 0.098437 0.089859 0.313872 0.293825 0.317017 0.093764 
Accuracy#0.031250: 0.379773
AP#0.031250: 0.335050
LAP#%f: 0.170772 0.069899 0.312399 0.298602 0.327523 0.131512 
Accuracy#0.062500: 0.390192
AP#0.062500: 0.350750
LAP#%f: 0.226320 0.087183 0.333907 0.337776 0.325867 0.133281 
Accuracy#0.125000: 0.402286
AP#0.125000: 0.379402
LAP#%f: 0.233982 0.067247 0.396782 0.351800 0.383728 0.151391 
Accuracy#0.250000: 0.413333
AP#0.250000: 0.393030
LAP#%f: 0.290087 0.087020 0.380927 0.362737 0.403838 0.193920 
Accuracy#0.500000: 0.448000
AP#0.500000: 0.404399
LAP#%f: 0.295990 0.061820 0.406375 0.445205 0.378420 0.181447 
