Accuracy#0.015625: 0.263211
AP#0.015625: 0.252455
LAP#%f: 0.035967 -0.032771 0.041970 0.123628 0.082878 0.003803 
Accuracy#0.031250: 0.266254
AP#0.031250: 0.247423
LAP#%f: 0.099264 0.010818 0.018302 0.169864 0.104084 0.009902 
Accuracy#0.062500: 0.328358
AP#0.062500: 0.292080
LAP#%f: 0.150649 0.065299 0.136848 0.220170 0.164167 0.094900 
Accuracy#0.125000: 0.362286
AP#0.125000: 0.327167
LAP#%f: 0.147083 0.093263 0.344394 0.264956 0.215852 0.166246 
Accuracy#0.250000: 0.414667
AP#0.250000: 0.370214
LAP#%f: 0.174370 0.134224 0.342726 0.332368 0.347213 0.223708 
Accuracy#0.500000: 0.398000
AP#0.500000: 0.336832
LAP#%f: 0.128313 0.078204 0.320038 0.320588 0.280325 0.094849 
